u	RehFC	RehFCgeo
0.	0.03228602282400981	0.057041274598644394
1.	0.0262155996366457	0.04800174750696439
2.	0.013762558571266518	0.03293934815241116
3.	-0.003355078550543438	0.013270072979742564
4.	-0.022750363505685166	-0.009117552315405885
5.	-0.04171927026404657	-0.03205276796068908
6.	-0.05759223898555557	-0.05329242394940646
7.	-0.06804503451855665	-0.07073129699192997
8.	-0.07134989015088698	-0.0825957254710542
9.	-0.06656176692148574	-0.08760591669762116
10.	-0.05363729878361992	-0.08509497638300101
11.	-0.03347852927379611	-0.07507551809856275
12.	-0.007887201472657429	-0.05824781923513936
13.	0.020584179050290762	-0.035947189845034755
14.	0.04888699925363498	-0.010032705545437323
15.	0.07381900755110912	0.017275345944249027
16.	0.09241397182804445	0.043596463464372404
17.	0.10232160454495509	0.06661148949082292
18.	0.10211771457665804	0.08428315646245452
19.	0.09149637901570787	0.09505261360055971
20.	0.071318830119403	0.09799033620397725
21.	0.04352004272437249	0.09288422630714721
22.	0.010895644640782848	0.08025470816204014
23.	-0.023196284743009457	0.06129527506104659
24.	-0.05518201593042835	0.037745963252855744
25.	-0.08163526790043811	0.01171520704618389
26.	-0.09962919135262566	-0.014528772452506382
27.	-0.10705138857668982	-0.03877329420042541
28.	-0.10285394090221481	-0.059060251756767525
29.	-0.08720776833730295	-0.07384956349226718
30.	-0.06153259801668863	-0.08213356427927986
31.	-0.02838427254433153	-0.08349562572294697
32.	0.008799629463118915	-0.07811282182421228
33.	0.04607090107956866	-0.06670782134207946
34.	0.07941176353254152	-0.05045887217729051
35.	0.10518628496875514	-0.030878706542182194
36.	0.12054254897971609	-0.009673794982072112
37.	0.12371779602853998	0.011404818186402004
38.	0.11421743791211653	0.030708305638494273
39.	0.09285773734705889	0.04682404329816284
40.	0.061675985516791515	0.05868666531372812
41.	0.02371993943322462	0.06565665866395722
42.	-0.017267184293078972	0.06755839875283123
43.	-0.05724404790083908	0.06467228601935471
44.	-0.0923182317289376	0.057679936509961865
45.	-0.11919565826785589	0.04756694525654579
46.	-0.1355714468235564	0.035493808893908275
47.	-0.14039663262600385	0.022651003869328442
48.	-0.13396653674736678	0.01011768775605759
49.	-0.11780579788782698	-0.0012560352566030357
50.	-0.09436686937753647	-0.010926378818292712
51.	-0.06660154790950804	-0.018682061511424056
52.	-0.0374948953029236	-0.02461734755559882
53.	-0.009656936258554513	-0.029059033878251744
54.	0.014953229065881916	-0.032462408012624996
55.	0.03513720063543088	-0.03529624836162299
56.	0.050414385206175	-0.03793804865789311
57.	0.06087707392169458	-0.04059763397596398
58.	0.0670094164052008	-0.04328092114353405
59.	0.0695264816410251	-0.0457972204488177
60.	0.06926162781123017	-0.047805011956454944
61.	0.06709780770179542	-0.04888432485079476
62.	0.06391573727580636	-0.04861999073489353
63.	0.06052830930259528	-0.04667966993595249
64.	0.05758641977215194	-0.04287337972514098
65.	0.05546778126666635	-0.03718631592323262
66.	0.054183792013405604	-0.02978269680310729
67.	0.05334788951521313	-0.020983790722516407
68.	0.052236623185685054	-0.011227150358181165
69.	0.04994576637342318	-0.001015833116876285
70.	0.04560961379367075	0.00913390619323144
71.	0.03862629851394953	0.018739770533050894
72.	0.028826211277686926	0.027391261785116593
73.	0.016537133483351237	0.034776472210362154
74.	0.0025321730685200646	0.04069784222886044
75.	-0.012117555941499486	0.045077744857049476
76.	-0.02623778637966297	0.04795481890375294
77.	-0.03873878562395971	0.04947163416869352
78.	-0.0487536974390721	0.04985400395615613
79.	-0.05571020059236184	0.04938244697849305
80.	-0.05934384292223414	0.04835710456819224
81.	-0.059677358920276244	0.0470587272818373
82.	-0.05699124728258568	0.04570980544457492
83.	-0.05179887471374998	0.0444410489571076
84.	-0.04482218436342599	0.043268758233212266
85.	-0.036951378079954536	0.042087866092466376
86.	-0.029170656861223762	0.04068352509891715
87.	-0.022443362356350464	0.03876131257875777
88.	-0.017568623704493087	0.03599292072832907
89.	-0.015039158554125536	0.03207122850674187
90.	-0.014937864444913174	0.026766552003792063
91.	-0.01690505787119458	0.019975131445020153
92.	-0.020190375264037805	0.011751764801805287
93.	-0.023780156538358722	0.002320846983329661
94.	-0.02657125973622664	-0.007936485300515486
95.	-0.027552588446714356	-0.018517507436583643
96.	-0.025958502579149008	-0.02885015185081134
97.	-0.021370953797858427	-0.038354487547870644
98.	-0.013763423760063996	-0.046504367861347234
99.	-0.003492933778696347	-0.052880577727086694
100.	0.00874753363653429	-0.057208648556179735
101.	0.02200493928316933	-0.05937732803059871
102.	0.03516389587401476	-0.05943686813512845
103.	0.04706320815336997	-0.05757919095842132
104.	0.056627078973300216	-0.0541041166650464
105.	0.06300050033101413	-0.049376954648811595
106.	0.06566991127374906	-0.04378291704376714
107.	0.06454453325699978	-0.03768329487454967
108.	0.059975224962711224	-0.031377528899492774
109.	0.05269781689712058	-0.0250745488341166
110.	0.04370458264026551	-0.018876204477952324
111.	0.034065708349976534	-0.012775185695502175
112.	0.02473633611713122	-0.006669232602071649
113.	0.016389443837212653	-0.00039229901354139357
114.	0.009309107397031594	0.006238622455046337
115.	0.0033646726707707002	0.013365076127860118
116.	-0.0019314531516081907	0.021024394288067388
117.	-0.007296284954979088	0.029092821160616403
118.	-0.013504578313684177	0.03724641186864821
119.	-0.021203810891177507	0.04495122078720646
120.	-0.030746176843527373	0.051491290110744874
121.	-0.04206351574123226	0.056037391763560485
122.	-0.05460446884389903	0.057752112585877896
123.	-0.06734529635894385	0.055919054593735314
124.	-0.07887690204999814	0.05007733447812794
125.	-0.08756075697231076	0.040138837533060266
126.	-0.09173625616478769	0.026465963534861376
127.	-0.08995317192847019	0.009892242361673144
128.	-0.08119742909623383	-0.008323410847536518
129.	-0.06507819691272161	-0.02660735986422661
130.	-0.04194970757775734	-0.04323447059599206
131.	-0.012950939692941879	-0.05652250247766518
132.	0.020042337644992282	-0.06503088968124382
133.	0.05454856398781559	-0.06773636802747846
134.	0.08768276427213968	-0.06416175946230762
135.	0.11641448185796938	-0.05444176262596409
136.	0.1378624377162192	-0.03931919354550324
137.	0.14960303308438147	-0.020074880500590742
138.	0.1499637333744879	0.0015973800213119462
139.	0.13826564253782445	0.02375393617965844
140.	0.1149758761932595	0.044383312464186385
141.	0.08173417474190191	0.06158862332515443
142.	0.04123255551921673	0.0737545037455298
143.	-0.0030489830566426735	0.0796863512281079
144.	-0.047218753193453075	0.07871334148215157
145.	-0.08740445149415703	0.07074972642933443
146.	-0.12016893842218074	0.05631118796695856
147.	-0.14284561338062096	0.036484774995468185
148.	-0.15375050345576616	0.01285272276455168
149.	-0.15226064881570942	-0.012627217855003937
150.	-0.13877983854418371	-0.037779117572588
151.	-0.11463205364510004	-0.06039406601015693
152.	-0.08192359867167598	-0.07842916198318342
153.	-0.04339797981505892	-0.0902025290663237
154.	-0.0022818109757837463	-0.09456441182798339
155.	0.03790166536139221	-0.0910245868896692
156.	0.07358067614017934	-0.0798193209762996
157.	0.10145842497360502	-0.06190686299023541
158.	0.11889298207884899	-0.03888834469055722
159.	0.12427661923862594	-0.012859894121867317
160.	0.11733079740631837	0.013789615483947335
161.	0.0992307815032346	0.03861380126489569
162.	0.07250141857823135	0.059351397348154394
163.	0.04067703192576843	0.07414982042453146
164.	0.007778218816908584	0.08174575588070226
165.	-0.02229288199913244	0.08158425924698237
166.	-0.04631586839887366	0.07386523060468414
167.	-0.062163870211108425	0.059514295223253515
168.	-0.06899630863961721	0.04008299966085988
169.	-0.06722231375940425	0.01758991931232863
170.	-0.05827759266716461	-0.005680775831834728
171.	-0.04429052846298788	-0.027403719957234483
172.	-0.027718842651105507	-0.045438923413705645
173.	-0.011019603549184435	-0.058040072525832764
174.	0.003615597661089983	-0.06402575602061338
175.	0.01445727862291682	-0.06289759996975797
176.	0.020378894228075727	-0.05489318818706977
177.	0.02095278313215285	-0.04096669828039352
178.	0.016498784053172164	-0.02269638596050201
179.	0.008068274157468691	-0.002125185725818327
180.	-0.0026591235417228773	0.018451773083339028
181.	-0.013579253358855679	0.0367318925378915
182.	-0.022457506811669536	0.05065580621896225
183.	-0.02727505909287097	0.05863513810738497
184.	-0.026567308996105477	0.05972944862324895
185.	-0.019688561397611222	0.0537496070535392
186.	-0.006949912416697156	0.0412736579645957
187.	0.01039503137372626	0.02357267787103107
188.	0.030309113141197677	0.0024564090788993845
189.	0.05024048896880169	-0.01994043574196151
190.	0.06745236029541626	-0.04140232056265221
191.	0.07936477508847108	-0.05987515771805
192.	0.08387000650295291	-0.07367603254886249
193.	0.07959588994831035	-0.08164606116420237
194.	0.06610029712112817	-0.08323181437463976
195.	0.04398212258401913	-0.07849199906918919
196.	0.014892310393254934	-0.06803677693191583
197.	-0.018571506621427702	-0.05291541120678023
198.	-0.05309540196019547	-0.03447268764152596
199.	-0.08499548732364416	-0.014195405744988277
200.	-0.1106465551747565	0.00643234992531965
201.	-0.1269358243883248	0.02605138162841886
202.	-0.1316710471696509	0.04351910927664408
203.	-0.12387516675505729	0.05796850348694964
204.	-0.10391981100633407	0.06883606276872055
205.	-0.07348155796722257	0.07586311494548191
206.	-0.03533836872737471	0.07907551170147949
207.	0.006951073073253241	0.07874644541598638
208.	0.049431283997376126	0.07534635447493494
209.	0.08814666040316944	0.06948334090949197
210.	0.11951288050363858	0.061837588738551684
211.	0.14063882477408393	0.0530939743171168
212.	0.1495835759099933	0.043878098014998604
213.	0.1455346704569852	0.03470182254615647
214.	0.12889115024958503	0.02592452656519193
215.	0.10123413345289026	0.017735273713579216
216.	0.06517423692271651	0.010158848377630574
217.	0.024081147362883998	0.003085357928360334
218.	-0.018277366651546178	-0.003680606423884071
219.	-0.05813911603931168	-0.01035868755177055
220.	-0.09213498489888704	-0.017129197438562564
221.	-0.11760523225297673	-0.024077893492877322
222.	-0.1328075610383842	-0.031158614485019245
223.	-0.137005685241779	-0.03818040775833296
224.	-0.13045121355517872	-0.044821601369271706
225.	-0.11428570756847439	-0.05066857943103855
226.	-0.09039028566683019	-0.05527270480917273
227.	-0.061200082250545476	-0.05821573311749986
228.	-0.029488139098407872	-0.0591727630821795
229.	0.0018831268953761265	-0.05796248580187631
230.	0.03023933851220798	-0.05457702732286324
231.	0.053380606995414186	-0.04918745642596878
232.	0.06983732537025455	-0.042125251128404304
233.	0.07904295588964447	-0.0338438362990872
234.	0.0813750987697354	-0.024867023050537722
235.	0.07803905716549768	-0.015732401424375365
236.	0.07080516670959823	-0.006937436539983336
237.	0.06165052171009783	0.0011054865241702275
238.	0.05238344943647374	0.008100988696848417
239.	0.0443346967735254	0.013887742513151249
240.	0.03818017053449283	0.01844060752737104
241.	0.03392258801347353	0.021859015046765688
242.	0.031016419465974405	0.024343377874187642
243.	0.02858630695395294	0.026161621650835045
244.	0.025673876163946462	0.027608315164208478
245.	0.02145394668540702	0.028959579715134406
246.	0.015383021209351831	0.030428012809678256
247.	0.007270032728455402	0.0321230137688119
248.	-0.002719088675065301	0.03402266377678632
249.	-0.014101882031439536	0.03596313330142662
250.	-0.026146184437163857	0.03765004663885349
251.	-0.03795375372721159	0.03869324104523201
252.	-0.04855922768363019	0.0386622748954135
253.	-0.057044339929818444	0.037155645085688034
254.	-0.06266088497138951	0.03387300523768945
255.	-0.06494559378849873	0.02867775924583828
256.	-0.06380248040951873	0.021637956547279114
257.	-0.05952912267116426	0.013036605058795407
258.	-0.052774522348386574	0.00334786206865235
259.	-0.04443429085949745	-0.006817999219044228
260.	-0.03550685136160505	-0.016791820443054155
261.	-0.026944636580951847	-0.02593153295675714
262.	-0.01953254282329989	-0.03370173202783968
263.	-0.013813099351687716	-0.039733145895668925
264.	-0.01005977584872699	-0.04385252491342574
265.	-0.00828465493180074	-0.04607950156157505
266.	-0.008260871988240074	-0.0465934078153037
267.	-0.009545679297971595	-0.04567846007007061
268.	-0.011503096143684529	-0.043659028792933735
269.	-0.013338396042154296	-0.040837368219511026
270.	-0.014162406775968474	-0.03744432304110742
271.	-0.013097486436156394	-0.03360986178222478
272.	-0.009420511759734315	-0.029355858934326316
273.	-0.0027180056902632245	-0.024609443419816822
274.	0.006986178160372023	-0.019232281532521885
275.	0.019171845004781578	-0.013059760057053687
276.	0.03285946803861136	-0.005944087211142889
277.	0.04674506154416981	0.002203641625848463
278.	0.05940649853449207	0.011376017930848126
279.	0.0695340366536026	0.021439072528569806
280.	0.07613185899751175	0.03211131017449027
281.	0.07864802159186075	0.04295431926982664
282.	0.07701278241293555	0.05337772528523076
283.	0.07159117826008389	0.06266147877007934
284.	0.06307575979614266	0.0699978940293182
285.	0.05235362294698978	0.07455413464630176
286.	0.04037758943432828	0.07555296948466741
287.	0.028058893913932535	0.07236597787002286
288.	0.01618498143932517	0.06460967008326242
289.	0.005357332375026811	0.05223208134288888
290.	-0.004056395128052812	0.03557612402460798
291.	-0.011955522941654103	0.015406921851637891
292.	-0.018516272024215612	-0.007106331071988913
293.	-0.0241652146461738	-0.030458055572295792
294.	-0.029505558801311078	-0.05292088371198475
295.	-0.035195584165448816	-0.07269757928008165
296.	-0.04179283466351758	-0.08809466289586838
297.	-0.049590998385015406	-0.09769806315707824
298.	-0.05848380642994297	-0.10052976038252026
299.	-0.06788900914532478	-0.09616600700812286
300.	-0.07675584575783097	-0.0848020583012132
301.	-0.0836642680125083	-0.06725473501446794
302.	-0.0870074890826383	-0.044901562349760366
303.	-0.0852347383063729	-0.019562573759001087
304.	-0.07712052870575102	0.006662877856296781
305.	-0.06202095744093434	0.03158752856957542
306.	-0.04007647220680216	0.05313680503802018
307.	-0.012324137575407295	0.06953948151589127
308.	0.019308852774416373	0.0794909442712216
309.	0.052144394124004144	0.08227460308036955
310.	0.08302001588063011	0.0778307706739817
311.	0.10865514950870903	0.066766529036017
312.	0.12606875661997405	0.05030452466202763
313.	0.13298597972284038	0.030173245951975847
314.	0.1281689191983295	0.008446145592286932
315.	0.11161748026119458	-0.012658104702829326
316.	0.08460862189318101	-0.030997202484781692
317.	0.04957082823015944	-0.044727643092609126
318.	0.009817887384530152	-0.05250455224528203
319.	-0.030814523923192776	-0.05363543388040673
320.	-0.0683779628582347	-0.04816732107580566
321.	-0.09921741424934699	-0.03689303945399837
322.	-0.12033552306935633	-0.021271363328830974
323.	-0.12968673098663858	-0.0032667132957122846
324.	-0.12638118579826704	0.01487487618523696
325.	-0.11078238673563741	0.03088734354493927
326.	-0.0844851269812783	0.04275147881396385
327.	-0.050165684464252056	0.04893333337987367
328.	-0.011307908988240353	0.04856392256096775
329.	0.028172846508528488	0.041538037403216974
330.	0.06436501217863516	0.02852123544745142
331.	0.0937956955305866	0.01086662419431086
332.	0.11380046827219178	-0.009545200814033787
333.	0.12277387062736235	-0.03052058650940316
334.	0.12027120201948531	-0.04979389645142011
335.	0.10696404229635935	-0.06526654995689318
336.	0.0844806617490608	-0.07521830266490379
337.	0.05517856362347015	-0.07847088436764746
338.	0.021895207319690906	-0.07449146980949217
339.	-0.012293200949811189	-0.06343097557662632
340.	-0.04429756626642272	-0.046098780341538206
341.	-0.07123694557453696	-0.02388055215457816
342.	-0.09066927023578292	0.0013906768564211503
343.	-0.1008336138501912	0.027597951326288474
344.	-0.10088178235062897	0.0525249227942314
345.	-0.0910527163274573	0.07404734557463119
346.	-0.07273147397833268	0.09031700239790953
347.	-0.04834418099819216	0.09992347380352894
348.	-0.021071953598067527	0.10201980092695816
349.	0.005587948604972058	0.09639984687398126
350.	0.02834122678615036	0.08351839458922244
351.	0.04459556790641605	0.06444982778873772
352.	0.05283819286087691	0.04078734707550827
353.	0.05281744504611246	0.014491400376340544
354.	0.04550046218611959	-0.012297622683883442
355.	0.032830395444537745	-0.03746246196365206
356.	0.01734745625361343	-0.05910535180585347
357.	0.0017576056839075074	-0.07571574270832394
358.	-0.011471484749369798	-0.08629110878037317
359.	-0.020429699926819908	-0.0903988854721041
360.	-0.023970770539521926	-0.08817555451707493
361.	-0.02180292766593474	-0.0802672063587354
362.	-0.014476333102106094	-0.06772318665843902
363.	-0.003283743781608083	-0.05185951433935114
364.	0.009911424220917658	-0.03411093967015015
365.	0.022907435086180757	-0.015889674722391618
366.	0.033441580652144656	0.0015345566205760643
367.	0.039488285052143926	0.01712351728486962
368.	0.03954317230459257	0.030124383802420336
369.	0.03285225142148928	0.04008941395997893
370.	0.01954881546510076	0.046865753369026625
371.	0.0006746096055007189	0.05056170275789313
372.	-0.02191744246336527	0.05149619049807064
373.	-0.04576103527829836	0.05013763736551833
374.	-0.06804314233164985	0.04703753268021519
375.	-0.08590447829434834	0.04276343903738867
376.	-0.09674415027959836	0.037836090390690136
377.	-0.098507658219438	0.03267564335963988
378.	-0.08994291626899684	0.027562541502243396
379.	-0.07080723134410355	0.02261824333112517
380.	-0.04200025861968221	0.017809705950298765
381.	-0.005589904769901044	0.012978776805122149
382.	0.035301761039869345	0.007893758475876367
383.	0.07677107514396442	0.0023160799049072155
384.	0.1145530973141308	-0.003928741051111429
385.	0.14454178836225265	-0.01088874700516693
386.	0.16332917819318252	-0.018444325975539414
387.	0.16866669051382652	-0.02629754265733783
388.	0.15976095635356566	-0.03399599528590386
389.	0.1373502907917285	-0.040988474420762484
390.	0.10355701718018744	-0.04670317630902684
391.	0.06155971230606907	-0.0506343779116562
392.	0.015162923969613494	-0.05242147490934116
393.	-0.031649422101759715	-0.051905634366089325
394.	-0.07510685686391592	-0.04915374724194058
395.	-0.11195329895018331	-0.04444588253765143
396.	-0.13965162915825205	-0.03822956935007465
397.	-0.15650993222187934	-0.031050387530435
398.	-0.16175205338526233	-0.023472241476546456
399.	-0.15554396672924414	-0.016001625002900484
400.	-0.1389697849868767	-0.009028187008973615
401.	-0.11393883226616318	-0.002789678697680616
402.	-0.08300671306617241	0.002635948972030165
403.	-0.04911023485652111	0.00731365277573107
404.	-0.015242017041336164	0.011415832510764015
405.	0.01588562358700992	0.015176506074208675
406.	0.04212738231019974	0.018843369433000585
407.	0.06209051549862966	0.022634473569829824
408.	0.07519252768453129	0.026703906255774814
409.	0.0815968339926603	0.031118467896202158
410.	0.08206015416961593	0.03584548830798099
411.	0.07773895900933432	0.04075094006529796
412.	0.06999824287280514	0.04560680751303479
413.	0.06024856755990644	0.050106936733993884
414.	0.04981631121329362	0.05389086655422381
415.	0.03983760996385611	0.05657502458562211
416.	0.031164741017179115	0.05778996490795172
417.	0.024283981165858788	0.05722109465191363
418.	0.01925931298806143	0.054648905227866015
419.	0.015726971240629092	0.049983561739124084
420.	0.012963947010507388	0.043288289024123704
421.	0.010037284716850715	0.03478666005143926
422.	0.0060154361886893505	0.024850723924526176
423.	0.00019815815665410067	0.013969691116146061
424.	-0.007691864892950926	0.002702143252413611
425.	-0.017407732389363786	-0.008382188755985535
426.	-0.028197046668569172	-0.01876279318535594
427.	-0.03893765596033298	-0.028021730757170293
428.	-0.048355773131342004	-0.035881569323022514
429.	-0.055271736268114206	-0.04222183160171546
430.	-0.058815979244495394	-0.047071411354688786
431.	-0.05857158129914853	-0.05057848193827553
432.	-0.05462343362573927	-0.05296326521130521
433.	-0.04751844444596534	-0.054461915232762566
434.	-0.03815854432812307	-0.05527116006092928
435.	-0.027655047179002103	-0.05550300548898934
436.	-0.01717056781320855	-0.05515686222294686
437.	-0.0077678772529268265	-0.05411335925466185
438.	-0.00027887109630891156	-0.05215050712614132
439.	0.004795940150023504	-0.048979480557497915
440.	0.007346900158314542	-0.044294685624066195
441.	0.007663258858561757	-0.03783129547027053
442.	0.006383297724443927	-0.029423104079423893
443.	0.004389055821684236	-0.01905410805730047
444.	0.0026605762753661934	-0.0068982705104716074
445.	0.0021158383491409758	0.0066569592808246435
446.	0.0034675786940030983	0.0210068504614845
447.	0.007124024740257132	0.03534802003872355
448.	0.013147954217997065	0.04872131434436758
449.	0.0212720109203178	0.060079394837929664
450.	0.030954266496132712	0.06837723404947282
451.	0.041452003234758096	0.07268048086481109
452.	0.051895419918665704	0.07228267381686763
453.	0.061353762443990434	0.06681826618267231
454.	0.06889828177935084	0.05635540329587155
455.	0.07367293992609887	0.04145147085467898
456.	0.07498104029385612	0.023156488519941235
457.	0.07238465826376654	0.0029547873977946565
458.	0.06579906180564035	-0.017356332101106348
459.	0.05555365000820601	-0.03584229982299816
460.	0.04239058431803212	-0.05064277020323007
461.	0.027384419709649114	-0.06019251337289413
462.	0.011787487250491325	-0.06342130627397932
463.	-0.0031708942226458723	-0.05990337289692204
464.	-0.016486797685670455	-0.04993295850922483
465.	-0.027537810070363704	-0.034512850726020436
466.	-0.03615650223323239	-0.015255307052977634
467.	-0.04260704855622851	0.005792358163147535
468.	-0.04747599441244645	0.026374611717685723
469.	-0.051508036259016336	0.04427731069188063
470.	-0.0554265387176732	0.057568564587139846
471.	-0.059775275390543975	0.06480229457151472
472.	-0.06480593561090774	0.06516276650599381
473.	-0.07042121076733747	0.05853750080704253
474.	-0.07617142291139639	0.04551559248911405
475.	-0.08129674787367878	0.027317018277667384
476.	-0.08480669934530168	0.00566488804472643
477.	-0.08559062356503792	-0.017383600635591644
478.	-0.08255381045257267	-0.03963031930618721
479.	-0.07477121674454865	-0.05893661206114557
480.	-0.06164509193579011	-0.073415377257755
481.	-0.04304668188823172	-0.0816008883937673
482.	-0.01941913284188306	-0.0825840517535576
483.	0.00817890329495596	-0.0761024909697469
484.	0.038101673466982754	-0.0625769367325232
485.	0.06821865753402691	-0.04308832907794373
486.	0.09608248764907883	-0.01929413601844484
487.	0.11914718328466582	0.006712330890630316
488.	0.13501850487704542	0.032589765877699475
489.	0.14171758438566343	0.055967995050525084
490.	0.137937701670955	0.074677479731761
491.	0.12326999140096163	0.08696536748547276
492.	0.09836738321488224	0.09167421191589245
493.	0.0650106704796386	0.08836265532259244
494.	0.02604163397954297	0.07735353114258038
495.	-0.014859659593542874	0.05970320083256673
496.	-0.05355160997221905	0.03709527470997531
497.	-0.08592681560716191	0.011670773307048023
498.	-0.10845833132333381	-0.014186050943075519
499.	-0.1187052454737911	-0.038082566791856044
500.	-0.1156832492438001	-0.057848362417821986
501.	-0.10002598667823816	-0.07173847307242176
502.	-0.07390265739255925	-0.07859042367647236
503.	-0.040706436709309374	-0.07792215671039746
504.	-0.004573417542014258	-0.06996439619309569
505.	0.030179048551259732	-0.055627222402500995
506.	0.05959913799683129	-0.03640603532151332
507.	0.08055221299835605	-0.014236440892347433
508.	0.09102681036195445	0.008689047438060269
509.	0.0902779752293214	0.030127056809332642
510.	0.07881851357429408	0.047994850579617526
511.	0.058284728638040156	0.060568820417589604
512.	0.031207648984507994	0.06665137214362764
513.	0.0007181345222921805	0.065688904393278
514.	-0.02978937919764779	0.057826802827741344
515.	-0.05700995542363993	0.04389277714511397
516.	-0.07806960454383156	0.025307295280326908
517.	-0.09082165198288891	0.003928624916763715
518.	-0.0940632855149517	-0.01815112646303427
519.	-0.08764382835013233	-0.038835099987151615
520.	-0.07245072599533553	-0.05624747577339086
521.	-0.0502785228270521	-0.06892707467401968
522.	-0.023604384405567204	-0.07596397091169646
523.	0.004694739011981471	-0.07706253881288422
524.	0.03164634247626072	-0.07252542152160006
525.	0.05447757918657611	-0.06316487965309305
526.	0.07088125531760114	-0.05015867265844008
527.	0.07924038113436849	-0.03487509276123459
528.	0.07880080422210409	-0.018694717773130476
529.	0.06977705399793233	-0.0028545219126371517
530.	0.05337031165994262	0.011666171297203215
531.	0.03167598359679591	0.024207324133320853
532.	0.0074672408337191735	0.0344365815837898
533.	-0.016138552391890448	0.04231224015888715
534.	-0.03609561246003085	0.048014611593469536
535.	-0.04986616295526204	0.05186219799824262
536.	-0.05580068399938207	0.05422829688991892
537.	-0.053388389292185846	0.05547021286640766
538.	-0.043327208993896145	0.055878369818223236
539.	-0.02739935116972005	0.05564760304245609
540.	-0.008178641539930047	0.05486885066820203
541.	0.011372214913595354	0.05353699083854204
542.	0.02834073079070181	0.05156978240762482
543.	0.04026924146680885	0.04883339630108801
544.	0.04547128617398445	0.04517122920127701
545.	0.04322931525654283	0.0404338877450884
546.	0.033864525856037234	0.03450891141959081
547.	0.01868393858823882	0.027348766928362533
548.	-0.0001829228764350822	0.018995032865092926
549.	-0.020041490553861726	0.009595894890430208
550.	-0.03796222936230334	-0.0005864120377176487
551.	-0.05115263953592091	-0.011181314835665316
552.	-0.057328907324413245	-0.021730639993326757
553.	-0.055036073054543846	-0.03172413455846414
554.	-0.04386568271213313	-0.040646884273952466
555.	-0.024532788411131212	-0.04803313783410921
556.	0.0012012497733674646	-0.05351910601288332
557.	0.03074384362481552	-0.05688656012073116
558.	0.060982104294247205	-0.0580898049504966
559.	0.08863448717041314	-0.05726083054835202
560.	0.11059123217013467	-0.05469081145497168
561.	0.12420823795458054	-0.05079001501822828
562.	0.12754048134880583	-0.04603185710095201
563.	0.11951732574277278	-0.04088957947783573
564.	0.10006593915984663	-0.03577527214643449
565.	0.07018000767396793	-0.03099047899361653
566.	0.03191553572856884	-0.02669551597428771
567.	-0.011715422607442908	-0.02290133862409652
568.	-0.05697881607767482	-0.019483993865921933
569.	-0.09978434312910607	-0.01621813080907911
570.	-0.13615132902250815	-0.01282338340942019
571.	-0.16270624804965425	-0.009016090704181955
572.	-0.17712009804928433	-0.004558880939141351
573.	-0.17839566236037646	0.0006981125250702484
574.	-0.16694435182379813	0.006788671765522365
575.	-0.144441854601864	0.01361667680107474
576.	-0.11350525241196956	0.020957319838729137
577.	-0.07727366949909589	0.028472312967610457
578.	-0.03898712020774437	0.03573729263759385
579.	-0.0016414241091042287	0.04227919809605481
580.	0.03224064060649019	0.04762098816053034
581.	0.06072448130180464	0.05133039876825443
582.	0.08249878078780544	0.053068467660316886
583.	0.09687321797306972	0.052632465814508464
584.	0.10376816859790775	0.04998711759772606
585.	0.10369951649051745	0.04527810436559963
586.	0.09773727747077685	0.03882327196067506
587.	0.0874072297100594	0.031079843086130272
588.	0.07451585962750075	0.022589979561702545
589.	0.06090647331312531	0.013911515234159313
590.	0.04818614811962612	0.005544552956246366
591.	0.037484680794842906	-0.002133193122623052
592.	0.02930722516264693	-0.00890974587254728
593.	0.023520016134064733	-0.014751450124131517
594.	0.019471124792678415	-0.019780851800409477
595.	0.016209532916224356	-0.02422280221384071
596.	0.012740261875408432	-0.028328481142501142
597.	0.008249577540538114	-0.03229212826879925
598.	0.0022522053058267036	-0.036177456045237866
599.	-0.005356607381128051	-0.0398693815267756
600.	-0.014330442315416376	-0.043062064933018326
601.	-0.024149496475572914	-0.04528725863646725
602.	-0.03411178460558332	-0.045979169968178246
603.	-0.04341548214108089	-0.0445651059828499
604.	-0.05122901769692618	-0.04056653159787865
605.	-0.05676007812820812	-0.033693683134842174
606.	-0.059337524770392946	-0.023918626647661863
607.	-0.05851029145413783	-0.01151599241240081
608.	-0.05415013780627102	0.002933606214832955
609.	-0.04652989458902042	0.018576594944690425
610.	-0.03634410801587747	0.03435024821238977
611.	-0.024648653119686278	0.04906867344057528
612.	-0.012717396280852592	0.061521373632950876
613.	-0.0018395054613167241	0.0705754078310831
614.	0.006899168318475562	0.07527366196747555
615.	0.01280053541773257	0.07492331512901954
616.	0.01566313084910068	0.06916963081733064
617.	0.015794451792571728	0.05805048715152541
618.	0.01393045918018134	0.04202678059320466
619.	0.011086495317814806	0.021983533497184342
620.	0.008374730762034181	-0.0008031072992814174
621.	0.006823198234940998	-0.02473618476664463
622.	0.007223406215064112	-0.04800562487668646
623.	0.010022477694999966	-0.06872887638155215
624.	0.015266279031557466	-0.08511482926821311
625.	0.02259423582555393	-0.09563633247558612
626.	0.03128379647374766	-0.09919293179239964
627.	0.04034038451058679	-0.09524402166237886
628.	0.04862490854941956	-0.0838940504112496
629.	0.0550049509867437	-0.06591582044618621
630.	0.05850933605292344	-0.04270480417450436
631.	0.0584619521983594	-0.01616578740282594
632.	0.05457220683107194	0.011458217713052164
633.	0.04696710908917569	0.03779731660846412
634.	0.03616188891191351	0.06058357935130294
635.	0.02297850533254457	0.0778723671284196
636.	0.008430332595939475	0.08823209887281468
637.	-0.006405747164675737	0.09088237183163507
638.	-0.02051152578218712	0.08576654830183618
639.	-0.03303180822810975	0.07355237399425242
640.	-0.043354718223926204	0.0555618512027172
641.	-0.05116472685665364	0.03363853584174881
642.	-0.0564646751583473	0.009966015297874654
643.	-0.059561119309206864	-0.013144771076629229
644.	-0.061007199520379564	-0.03347952621761362
645.	-0.06150159444003641	-0.0491354661832989
646.	-0.06175135992769309	-0.05870743009161064
647.	-0.062318071905646984	-0.06142765781603734
648.	-0.06347619335629144	-0.05724496978211844
649.	-0.06511542802309335	-0.04683367361275731
650.	-0.06671260787767498	-0.03152840845839782
651.	-0.06738443480427743	-0.013188156163396608
652.	-0.06601443009806789	0.005999660373046191
653.	-0.06143152401484397	0.023756510605574047
654.	-0.052608709898697995	0.037966695714011525
655.	-0.03885001685303357	0.046919128832216925
656.	-0.01994103698550792	0.04950768953327028
657.	0.0037518932028721003	0.04536441569757951
658.	0.03124065039982765	0.034907288068267636
659.	0.06093552554689453	0.019294993008744377
660.	0.09072988664485818	0.0002933158384688026
661.	0.11815295657876679	-0.019930208650907232
662.	0.1405907528524394	-0.03905706659543654
663.	0.15556495943723278	-0.05488185322782414
664.	0.1610436051895352	-0.06555664593520147
665.	0.1557408672194006	-0.06978659258888154
666.	0.1393532004802892	-0.06695564769388597
667.	0.11268147082995528	-0.05717187945806996
668.	0.07760600234735814	-0.04123285039107617
669.	0.036910053160952354	-0.02052140280066216
670.	-0.006020961305407524	0.0031506518861321767
671.	-0.04757218569230999	0.027729671742248545
672.	-0.08428140647490016	0.05111650675538198
673.	-0.11317494690211888	0.07135274109757432
674.	-0.1320222188693613	0.08678170201420728
675.	-0.13949873375465965	0.09617381324492143
676.	-0.13526690502209734	0.0988103075124209
677.	-0.11999116555616855	0.09452291980891954
678.	-0.09529790857803272	0.08368985807570765
679.	-0.06367707734807772	0.06719033957811893
680.	-0.028310318242414118	0.04632171642892061
681.	0.007190481807848842	0.022685087165094642
682.	0.03913636138961209	-0.0019525127141593291
683.	0.06418164649808232	-0.02580885312750715
684.	0.07975700127808323	-0.047237522912716406
685.	0.08443933005603961	-0.06486520725465535
686.	0.0781801967552065	-0.07770131841902062
687.	0.06233473792435335	-0.08520803252034667
688.	0.03947204004294517	-0.08732269262534928
689.	0.012994701746360823	-0.08443004296850948
690.	-0.013363974087216979	-0.07728811489715526
691.	-0.03607364511815454	-0.06691777630370967
692.	-0.05227996756592901	-0.05447089769979202
693.	-0.0601463948227544	-0.04109485595644716
694.	-0.059027364042985836	-0.02781113481145466
695.	-0.0494701118850065	-0.015423034740367372
696.	-0.033069083599455484	-0.004462449043788018
697.	-0.012211241317732621	0.004820783010839101
698.	0.010246476131772254	0.01243009416786469
699.	0.03132995099543014	0.018562807290489983
700.	0.04829808374545684	0.023532728730989418
701.	0.05895994575964895	0.027688576759416585
702.	0.061928703385625575	0.03134092631797342
703.	0.056783328565444664	0.034707205336192155
704.	0.04411508985116382	0.03788001410143817
705.	0.025448614580176915	0.04081963963407147
706.	0.003045589911128029	0.04336797301290898
707.	-0.020381583817827287	0.045278670679078745
708.	-0.042004451390046445	0.046257479345941536
709.	-0.0592145692963761	0.046006921842444426
710.	-0.0699191633043396	0.044270507180933345
711.	-0.07276700108167636	0.04087270707985016
712.	-0.06728950984879813	0.03575169901943651
713.	-0.053953258686651934	0.028982165229260233
714.	-0.034125055675927385	0.02078543463248825
715.	-0.00995126740272824	0.0115243782864152
716.	0.015847207480022572	0.0016811981982024426
717.	0.04025870244781502	-0.008182087480350984
718.	0.060326502122236794	-0.017478063480014835
719.	0.07352307393503868	-0.025657714218024513
720.	0.07810282327605668	-0.03227515524409235
721.	0.07337445205901429	-0.03704303729206206
722.	0.05983873512197388	-0.039868405568765905
723.	0.03915750790328373	-0.040861085842202084
724.	0.013950764432968898	-0.04031102380115765
725.	-0.012547590495614398	-0.03863666571705262
726.	-0.03691843245186668	-0.036312244761962986
727.	-0.056001796017760376	-0.033786390364596006
728.	-0.06729269863457502	-0.03140667153759124
729.	-0.06924112308581845	-0.029363896608052133
730.	-0.061430631736367085	-0.027666296893193106
731.	-0.04462888956272858	-0.026147895990978328
732.	-0.02071476678341405	-0.024508698991839342
733.	0.0075088216908448585	-0.022378307551928274
734.	0.03660503190433532	-0.019390477411699737
735.	0.06287936929744377	-0.015254786379513267
736.	0.08281332967973534	-0.009813097912443735
737.	0.09350972654066232	-0.0030723407404780983
738.	0.09308867303634424	0.0047897623347144805
739.	0.08096778110210957	0.013444231340702691
740.	0.057971054046954906	0.02244976479077719
741.	0.026238913446298664	0.0313029118300292
742.	-0.011049365812054108	0.03949099749240866
743.	-0.05009111021114724	0.04654065026078897
744.	-0.08693794961242152	0.05205709511107078
745.	-0.1179546439033302	0.055751882150019326
746.	-0.14019339502193634	0.0574587555540253
747.	-0.1516472671913909	0.05713856125824583
748.	-0.15137761031934913	0.054874436248694945
749.	-0.13953241293181382	0.05085831402450965
750.	-0.11727938908317188	0.04536947629703415
751.	-0.08667109352912593	0.03874591322026942
752.	-0.050447663292850074	0.03134987090427504
753.	-0.011776258705344204	0.023530135791705424
754.	0.02606791876656328	0.015585025935743162
755.	0.06005596410633002	0.0077312416774823955
756.	0.08774889644547289	0.0000841532818458068
757.	0.10756869464592467	-0.007345615649429779
758.	0.11893698733667281	-0.014636434594417354
759.	0.12224577219056669	-0.021920912903688885
760.	0.11866525556690996	-0.029335913376151226
761.	0.10983776060840056	-0.03696453360605659
762.	0.09753736900142297	-0.044779770521512004
763.	0.08338025699381565	-0.052600545344466405
764.	0.0686477623494837	-0.060069819617510636
765.	0.05424141205366614	-0.06666169244693479
766.	0.04074285784687701	-0.07172003496755154
767.	0.028519783174429263	-0.07452610920693926
768.	0.017813317482599775	-0.07438763584300667
769.	0.008764349083388691	-0.07073782272805848
770.	0.0013750148329798198	-0.06323066731637406
771.	-0.004559806792774989	-0.05181879718743761
772.	-0.009495007672801453	-0.036802202799505204
773.	-0.014101497377059862	-0.01884003705751453
774.	-0.019136468481789102	0.0010775016159345078
775.	-0.025240605597819717	0.02169516876074028
776.	-0.03272185146140286	0.04159012437590529
777.	-0.041400293833369316	0.059291200009381456
778.	-0.050574989280607975	0.07340859201909812
779.	-0.059135762714231974	0.08276220011476154
780.	-0.06579547222622653	0.08649747379262686
781.	-0.06937882671581654	0.08417887620979836
782.	-0.06908692355424922	0.0758525669499315
783.	-0.06466745403067317	0.06207149003873467
784.	-0.05645350134323514	0.043877836144290944
785.	-0.04527559462484274	0.022740132639199082
786.	-0.03228662868347848	0.0004453543818846806
787.	-0.018755999682056528	-0.02104936018513387
788.	-0.005884669851656867	-0.03979569934797566
789.	0.0053276740791771745	-0.05404874847540488
790.	0.014157745367844343	-0.06245721892383754
791.	0.020189749096669776	-0.06422645661687726
792.	0.023322427236160632	-0.059231350824551054
793.	0.023765397762614958	-0.0480599334741255
794.	0.022024607299750757	-0.03197583477695013
795.	0.018865007092873927	-0.012798069116974559
796.	0.015235711533816771	0.007291648931544584
797.	0.012151139808048052	0.025992708364054217
798.	0.010537626399311481	0.04115066551267152
799.	0.01107158507198705	0.0510095208440961
800.	0.014044987741208435	0.0544182083371507
801.	0.019292076798965035	0.050964496775399284
802.	0.026198051602002025	0.041019787327874854
803.	0.03379058180697561	0.02569083648928968
804.	0.04089527625081872	0.006687052639533777
805.	0.046322880317286146	-0.01387737062550849
806.	0.04905220643342824	-0.03372016399851576
807.	0.04837807165931052	-0.05063746930198274
808.	0.04400439329054102	-0.06273248982940013
809.	0.03607470398337689	-0.06860348680818198
810.	0.025142333685145627	-0.06747514396241844
811.	0.012089106161358826	-0.05926480604395899
812.	-0.0019947082431760878	-0.04458205426939413
813.	-0.015953748257301316	-0.02466578092996529
814.	-0.02871629406101174	-0.0012671371132231856
815.	-0.03942843624166977	0.023510366536040772
816.	-0.04755365120944122	0.04740032606439728
817.	-0.05292119960032478	0.06817771488142549
818.	-0.05571437891937253	0.08386204296825386
819.	-0.05640037737350109	0.09290277023180754
820.	-0.05561469854359372	0.09433042689903871
821.	-0.05402173061623605	0.08785828731189374
822.	-0.05217667927067955	0.0739225732068873
823.	-0.050412182501788444	0.053654187514637054
824.	-0.0487667735223987	0.028781648253559805
825.	-0.04696437738968807	0.0014725088392432122
826.	-0.04444654589566235	-0.025871933795297113
827.	-0.04045334897972046	-0.05084763830167482
828.	-0.03414450775492801	-0.07127974347511203
829.	-0.024748365737990958	-0.08543005472682202
830.	-0.011721777599097285	-0.09215757587578914
831.	0.00510071146648376	-0.09101547000463617
832.	0.025393126721836464	-0.08227586209242091
833.	0.04828349267828676	-0.0668827619236996
834.	0.07237523318150599	-0.046341693088726855
835.	0.09584873762858435	-0.022561146853372967
836.	0.11663180021313109	0.00233506313380737
837.	0.1326139026897626	0.02620434325912967
838.	0.1418719617111424	0.0470719731913342
839.	0.14287671879980243	0.06329233725477573
840.	0.13465842634648958	0.07367339445752827
841.	0.11692350411685665	0.07755733690566188
842.	0.09012441259685787	0.07485418991345369
843.	0.05548822776653362	0.06602821430190971
844.	0.01500402397157097	0.05203952329300843
845.	-0.02864148004043331	0.03424567873880656
846.	-0.07219961214040058	0.014270544464794236
847.	-0.1120863725254731	-0.006149499474922743
848.	-0.14470608116878445	-0.02532893635755485
849.	-0.16685235185374458	-0.04179054777542504
850.	-0.17613599052247278	-0.054400125207444326
851.	-0.17136498534012296	-0.06246249641157306
852.	-0.1527944513777619	-0.06576629815782092
853.	-0.12218019313544909	-0.06457088402829081
854.	-0.08260663082169505	-0.05953661417343211
855.	-0.038108571860411423	-0.05160827698692323
856.	0.0068476420141460066	-0.04186892891384616
857.	0.04792868332022117	-0.03138640668229959
858.	0.08144530134276143	-0.02107597699114565
859.	0.10473157340676009	-0.011599593161024638
860.	0.11635162881076631	-0.0033154770126990357
861.	0.11613420590992274	0.0037174743198460113
862.	0.10506691497436174	0.00968579183803154
863.	0.08509609950566965	0.014931843984331733
864.	0.05887446141102812	0.01984776481729294
865.	0.029483875321707508	0.024773524669533427
866.	0.00014526946295517372	0.029917115722669703
867.	-0.026079987453173584	0.035308942666950824
868.	-0.04658836965021915	0.04079487323536101
869.	-0.059510032231074164	0.04606475582480601
870.	-0.06392582110988766	0.050707130583083446
871.	-0.059982949896971456	0.054277408979827524
872.	-0.04887485966639175	0.05636632415722292
873.	-0.03267296356392202	0.05665759423031874
874.	-0.014028197490403961	0.05496758960343924
875.	0.004211206112034282	0.051264205815321505
876.	0.019401854265059734	0.045666044355784446
877.	0.029462085057355838	0.03842565932435651
878.	0.03313240749609095	0.02990177108226109
879.	0.030111306344515934	0.020525169781716198
880.	0.02106194126173019	0.010762042372806393
881.	0.0075027750096669146	0.001077278364722381
882.	-0.008396210724295984	-0.008100535764207939
883.	-0.024088240415719508	-0.016410966897284426
884.	-0.03697193858692759	-0.023588644722566183
885.	-0.044734589406924985	-0.02948286523017826
886.	-0.0456826455907895	-0.0340671213762093
887.	-0.03901661468606261	-0.037435982939926525
888.	-0.025002810867126822	-0.03978776938629813
889.	-0.005000470790588823	-0.041393295311941844
890.	0.018677663427882026	-0.04255332651382064
891.	0.0430625407740042	-0.043549769095286794
892.	0.06494114721714177	-0.044597446462355354
893.	0.08131466026134476	-0.045804088637760476
894.	0.08982242209719245	-0.04714555489139132
895.	0.08906087485689831	-0.04846131228230123
896.	0.0787524356756326	-0.04947208623822372
897.	0.05975310914830595	-0.04981793005273952
898.	0.03391858714881786	-0.049111421332047496
899.	0.00386798034809019	-0.04699797964888858
900.	-0.02731112858941777	-0.04321395682534059
901.	-0.05638002113009543	-0.037633455548394666
902.	-0.08026445171599099	-0.03029672636811959
903.	-0.09635358617493234	-0.0214160971421044
904.	-0.10276884275619286	-0.01135908220385347
905.	-0.09858355694652718	-0.000611879554317384
906.	-0.0839666800974633	0.010270766219809676
907.	-0.060220910484973515	0.02072183048909086
908.	-0.029692907193830203	0.030216763949303855
909.	0.004448842168144027	0.038320184886694614
910.	0.0385488523989797	0.04471985632565678
911.	0.06887002355318694	0.049245480310192345
912.	0.09201402190735744	0.051871827853994586
913.	0.1053007577885463	0.05270720858213623
914.	0.10706256155901125	0.051969214788436545
915.	0.09682645625397061	0.04995022564821189
916.	0.0753749754016342	0.04697562916657853
917.	0.04468721172889604	0.04335838427816867
918.	0.007766456768538474	0.03935449694456457
919.	-0.031637499163596754	0.03512504712157362
920.	-0.06939896850354953	0.03071114530101405
921.	-0.10145628822744435	0.026028048127686946
922.	-0.12427990384271612	0.020883117382387843
923.	-0.13530901367613424	0.01501914778855589
924.	-0.13328666152277174	0.008180054028279544
925.	-0.11842863312694278	0.00019073485234092236
926.	-0.09238605508526627	-0.008961746841755238
927.	-0.05800101019079544	-0.019061444722301243
928.	-0.018898031285135918	-0.02962712858149303
929.	0.021011474273788907	-0.039918766449377426
930.	0.05802093821531463	-0.048992995867607705
931.	0.0890358960452259	-0.055805080197358824
932.	0.11184597509190333	-0.05934571768300937
933.	0.12524839537613905	-0.05879333850785571
934.	0.12904177902203667	-0.05365793086618696
935.	0.12392567974933026	-0.04389212406574203
936.	0.11134026448776857	-0.029949472090712394
937.	0.09326780489602828	-0.012777895357547198
938.	0.07200366348098226	0.0062534960022505226
939.	0.04989930501713913	0.025485463995005623
940.	0.029087923898047825	0.04314010291507007
941.	0.01122098243480183	0.05750975786356903
942.	-0.0027387069320419653	0.06713907380816882
943.	-0.012616433354155538	0.07097839387755243
944.	-0.018980897941678697	0.06849228862881117
945.	-0.022951549269485852	0.0597141642059014
946.	-0.025895644616151594	0.04524514427011635
947.	-0.02908770463792837	0.026201490093491795
948.	-0.033418117356538844	0.004118983401614052
949.	-0.03922378036137028	-0.019175166780719878
950.	-0.04627547851588455	-0.04171180380605804
951.	-0.05390753339038258	-0.061539962107602576
952.	-0.06123305869226253	-0.07688745496079903
953.	-0.067368209397218	-0.08631188226706488
954.	-0.07159756920502335	-0.08883178095573989
955.	-0.07344530903314965	-0.08402728452637426
956.	-0.07265875281256944	-0.07209980614110827
957.	-0.06914504665395373	-0.053881592411342806
958.	-0.0629143069211067	-0.03078901304177479
959.	-0.054069962550393376	-0.004718269502038009
960.	-0.04285589640058194	0.022111549538905075
961.	-0.02973495410155763	0.04735629920330451
962.	-0.01545024380778264	0.06876743120772706
963.	-0.0010197852314362758	0.08441284545739329
964.	0.012362813146641331	0.09287349066863271
965.	0.023512911189380432	0.09339272582703496
966.	0.03148068350291525	0.08596018815392864
967.	0.03575421636512891	0.07131931756105139
968.	0.036378754980170416	0.050896686695446405
969.	0.03395558255333233	0.02666053988987797
970.	0.029520526423158125	0.0009241079296361678
971.	0.024336815281992837	-0.02388476527492539
972.	0.01965789756730877	-0.045463051618309984
973.	0.016517061787927608	-0.06185633796229931
974.	0.01558439748375326	-0.07164499456492654
975.	0.017106181715261477	-0.07407547734552926
976.	0.0209177508337069	-0.06912555331350011
977.	0.026506574716370343	-0.057498724170131923
978.	0.03310047840487995	-0.04054943930693176
979.	0.03976386644379834	-0.02014643804939447
980.	0.04549585994931319	0.0015134489253253022
981.	0.049331733925378735	0.02212455719921908
982.	0.05044917578038706	0.03950500316689585
983.	0.04827430334632616	0.05182087394499539
984.	0.04257336349109077	0.057779630731706465
985.	0.0335101373420279	0.05677173054629791
986.	0.021650358798606446	0.04894317761550663
987.	0.007903591453836777	0.03518790683530963
988.	-0.0065928642256150955	0.017057300079649573
989.	-0.020629322908672212	-0.003406053424175331
990.	-0.033090281956957436	-0.023893294909818744
991.	-0.04310231317750022	-0.042087366063457816
992.	-0.05013874275123418	-0.055923146595841675
993.	-0.05406647141137307	-0.0638173212601844
994.	-0.05513118262329301	-0.06483913332162199
995.	-0.05388635160071088	-0.05880112715163865
996.	-0.05107789100737154	-0.046260195663820954
997.	-0.047500527624613736	-0.028431879305244975
998.	-0.043845263574484254	-0.007032759419147218
999.	-0.04056007806867778	0.015925062111760816
1000.	-0.03774759624167148	0.03835845540055691