lambda	x	y	z
0.	2.175713172881684690464136498784	0	2.175713172881684690464136498784
0.03	2.16143829089016444079036394925	0.303336165147723407982352096	2.169046874945106347396811459854
0.06	2.1187727010744027634562027999	0.6035274874024048473406878045	2.14908396350706025773065709167
0.09	2.0481928196965794755867275016	0.8974594159357432608003747923	2.11593229985853239632694308658
0.12	1.9504888492864084293483563986	1.182080313138417607141833236	2.06977136160013299191015560454
0.15	1.8267565206824379445216914743	1.454435279451729796486031389	2.01085178814194118816465135204
0.18	1.6783847251034257776564519152	1.7116979651375575951262238513	1.93949471014928843589339028949
0.21	1.5070413057042877796787611886	1.9511990496577854086841408346	1.85609083118228950159892448045
0.24	1.3146576840356671746213378	2.1704530258138675135857718057	1.7610992241536934731239950056
0.27	1.10341043288820822006807426	2.3671850615007977750859198737	1.65504580197649168137109391478
0.3	0.875697998995611140775746746	2.539357320500506190789718196	1.53852142118152000271473720287
0.33	0.634113430467665692940235658	2.6851925549960113786902739341	1.4121795795160665332021830493
0.36	0.381415744223809760952840923	2.8031937622367841238913605763	1.2767336736013418949725380388
0.39	0.120501311187684644869341428	2.8921605602275391145511249261	1.1329537904898402098778913898
0.42	-0.145625981455568201676340774	2.9512032698164044364030889064	0.9816630171292237071729505362
0.45	-0.413887777680010520780904114	2.9797543690868619817651913724	0.8237332638678007943490141486
0.48	-0.681167500137965427741290094	2.9775759556450152103474977981	0.6600806116603844087575701033
0.51	-0.944347407024646514468765036	2.9447624582263924192257533749	0.4916602068838201274886785409
0.54	-1.200343993521388253252138621	2.881739224914093578353780643	0.3194607419146582795458403451
0.57	-1.446141458507697328762061787	2.789257978822635261338592925	0.1444985730994656864387002313
0.6	-1.678824820763714481171665196	2.668389059613078744514848872	-0.0321884602746568301715467506
0.63	-1.895613730650540606432834574	2.520509338152901966165829207	-0.2095474425928876222524687242
0.66	-2.093895811032522753683102552	2.347285192687050566617890913	-0.3865169336066464263432928955
0.69	-2.271257055082424124201567069	2.150651554629979897426427296	-0.5620335807495259145465670084
0.72	-2.4255078554439497890950319	1.932788864676282732047400673	-0.7350387070161046837627311045
0.75	-2.554705376201525045529021571	1.696098734317205830017359554	-0.9044847921371585427374981403
0.78	-2.657173786138495996874116666	1.443177355189428223553470386	-1.0693417708098871733181214322
0.81	-2.73152258206075491672215062	1.176785419556625735412798962	-1.2286030806548618770767681795
0.84	-2.7766615466270377875017858	0.899815081076869902895016838	-1.3812914038668389682493744344
0.87	-2.791810895766780458660047653	0.615256371612985759598668538	-1.5264640595712628357490895378
0.9	-2.776506851130020511865999862	0.326165180174321820035366176	-1.6632180179726656939441700862
0.93	-2.7306041456037746309162961356	0.035632510195919055851708204	-1.7906945217243335723331773221
0.96	-2.654276296258131260994280879	-0.253247040723580210792508345	-1.9080833138037935715785324678
0.99	-2.548012841055369180070432471	-0.537408554704233083304784861	-2.0146264838361428513601780514
1.02	-2.41261244118863941049035476	-0.813849959956426559883091615	-2.1096219556417239501257445341
1.05	-2.249172363367447363343731895	-1.079662093195954738742918563	-2.1924266472855398669719111374
1.08	-2.059076199299592541485285821	-1.332054898422102134561010921	-2.2624593406988932406185179651
1.11	-1.84398063738379875664685078	-1.568382057745043400366518967	-2.319203300804295265768933486
1.14	-1.605799850585871847402443537	-1.786166313643463955303862117	-2.362208683932186903605685009
1.17	-1.34668594145758379649889488	-1.983124535765654617371180799	-2.391094772253363037216801459
1.2	-1.069006573738819893909680668	-2.157189501316379335155275796	-2.405552065187476768274977376
1.23	-0.775322735800580111774839373	-2.306527318169921617405198418	-2.40534425063708994346594417
1.26	-0.468367474853994399209891608	-2.42955262611819251856105187	-2.390310068899879879525604883
1.29	-0.151023004487065139254833894	-2.524943578665496050887573818	-2.360365070778993275351111544
1.32	0.173706211674603356610670982	-2.591655581944766663396061775	-2.315503259358414121530870543
1.35	0.502723018173362911709491534	-2.628931487974469549473679263	-2.255798592791324048755962593
1.38	0.832866235391642021380260109	-2.636308078468886616421649997	-2.181406313931793991590780778
1.41	1.160937245907503763590670152	-2.613620738562007722948405445	-2.092564062374513354202145636
1.44	1.483726841938207502531295453	-2.561007174291459482250333731	-1.989592716058724825464699919
1.47	1.798044838728082535785516837	-2.478908609785296325183760922	-1.872896903570883019959628198
1.5	2.100751874333652960155595994	-2.368066670041003496875671132	-1.742965125071485637607645246
1.53	2.388790511745242875427863231	-2.229516410295262140859867541	-1.600369419670047052858038386
1.56	2.659213788543518183519915563	-2.064577591731280698934737664	-1.445764520220019883412739376
1.59	2.90921205571384335327814907	-1.874845136093642153153787138	-1.279886442874406229075364355
1.62	3.136139991147583457351136852	-1.662177215869005938448435033	-1.103550468125994976143501029
1.65	3.337544109483987291560666617	-1.428678816864786782357866602	-0.917648482069204594765289823
1.68	3.511189049103443466892178861	-1.176680727277481678034679145	-0.7231456607135289742975054729
1.71	3.65508077030656848625630985	-0.908716317209182892737898126	-0.521076495659931065821147763
1.74	3.767486446604818974782011666	-0.627498345026613493958266665	-0.3125401755226394617835616707
1.77	3.846952141702331169761561092	-0.335895487898760161046532869	-0.0986953532787121790899607556
1.8	3.892318875522223336240024396	-0.03690629367559421160818778	0.1192456556152800757239115711
1.83	3.902736237657399834821532498	0.266370831539883725589658893	0.34002318681318827490418838
1.86	3.877672239480450975774824006	0.570770094994289132273131265	0.562336984860392480693845396
1.89	3.816919200742432605195709563	0.873090114684797129996147147	0.784853330937042581635475809
1.92	3.720596716073384682389121955	1.17012341289229126090171153	1.00621246328286284780220063
1.95	3.589152529704435560510622733	1.458684955972996048228440463	1.225036213799099339771855238
1.98	3.42336074294401624144266533	1.735642185044963735041274145	1.439935788856745733159006066
2.01	3.22431608976636024204582663	1.997946931933121570253602747	1.649519630325549388225182145
2.04	2.99342417681360400216526838	2.24266675614504017940335449	1.85240130375042669929332052
2.07	2.73238935250484236220477497	2.46701289622710894860893833	2.047207373725977926498393267
2.1	2.44320194736213701933949864	2.66836467010115326336179807	2.232585240992076032324469125
2.13	2.12812457612577370915382175	2.8442927502549347142035236	2.407210930630255100465608566
2.16	1.78967537096750797922002235	2.99258323508725864399748674	2.569796834971237316531532274
2.19	1.43060695718690721683711127	3.11126147247188538543084758	2.71909942742502254071812818
2.22	1.053882998610497005106384543	3.19861287213740420099477597	2.853926973472200221733753137
2.25	0.662655540941887537803686229	3.25319970808006368411076047	2.973147271670519813650754334
2.28	0.26024387234957537140010835	3.27387589666624745305954789	3.075695460043561029195562772
2.31	-0.149888175205611523480665241	3.25980188795934461855140697	3.160581921119008488380233103
2.34	-0.564159669093251186358094537	3.21045882991433464060881074	3.22690031187055502145405217
2.37	-0.978903645431050291800619391	3.12565933819705022703638816	3.27383573281454935494431892
2.4	-1.39039740477680756340392277	3.00555439755779827764198149	3.30067303368375898868961562
2.43	-1.79489008508766314519863329	2.85063891103673391136202835	3.30680523185388411051428764
2.46	-2.18863071066216981562887028	2.66175733640158215809988342	3.29174199468435770836093205
2.49	-2.56790071059971264003111702	2.44010695563368214865657594	3.25511810903810990814282811
2.52	-2.92905033469239628342445318	2.18723557335834972613527247	3.19670183156699103933991433
2.55	-3.26853487659014893847851522	1.90503429785139865113346341	3.11640298318281719527848462
2.58	-3.58294858415060134461597271	1.59572895914165749193566949	3.01428062192487528541690801
2.61	-3.86905823250061375733656627	1.26187133269710681467700499	2.89055010173528816990503015
2.64	-4.12383894246981289404053855	0.90632685625918948947368553	2.74558930206166480072537617
2.67	-4.34451172361942871226860493	0.53225499811774081383798782	2.57994379629413436888829417
2.7	-4.52857987559613879029452595	0.14308255801375538563150235	2.3943307172771709723923859
2.73	-4.67386248393578869392361602	-0.25752624816596317340231917	2.189641076788648419079686266
2.76	-4.77852571061151152844854746	-0.66570030193335703876816726	1.966940303941530776807988656
2.79	-4.84111296679264707855994517	-1.07739436789003333656643666	1.727466785565553405776601526
2.82	-4.86057306280567874869161481	-1.48842792817173352134546909	1.472628219959419015677668909
2.85	-4.83628387021243167002810289	-1.89453130932578582342475052	1.203995633671966046218100355
2.88	-4.76806997767588739160597648	-2.29139612664541621854926145	0.92329495836085835082845484
2.91	-4.65621502468980111341322702	-2.67472584880171087034823073	0.632396119964161114725611989
2.94	-4.50146998431214490059723502	-3.04028514408397620221435534	0.333299653602749193466564055
2.97	-4.30505682201349012375280764	-3.383950107899470117432288	0.028120922605135836187175268
3.	-4.06866501485430105664667288	-3.70176154789098328054107419	-0.280927913693816586210751158
3.03	-3.79443903972470908947280216	-3.98998022910871960247916999	-0.591557973857986520780474725
3.06	-3.48495778891285032679358371	-4.24514010534021066589324413	-0.901425499653157688605088503
3.09	-3.14320878535642512423860977	-4.46409621819153912327867707	-1.208155148314001867048447344
3.12	-2.77255873976131450284552436	-4.6440671878278814819313447	-1.509364362153968491276562258
3.15	-2.37671887434664100316413266	-4.78267428003380113006085914	-1.802688411525824983838021
3.18	-1.95970233362857010701093035	-4.87797771702815400939813961	-2.08580568493793822236775793
3.21	-1.525773658281192708167232	-4.92850802822071531095487436	-2.35646279085890118367957201
3.24	-1.07939406763962744496424159	-4.9332893868130524270248357	-2.61249903953812622962626828
3.27	-0.62516687430711396795111588	-4.89185409396276683550831938	-2.85186988955463945189622723
3.3	-0.16778381156164074937084772	-4.80424995292640991582290258	-3.07266897173544841178992729
3.33	0.28803065875528548850770642	-4.67104212884466726580733053	-3.27314834102851838363034899
3.36	0.73757931809928628363314392	-4.4933086520390608034923802	-3.45173665296755086119773916
3.39	1.17625403008356858771369892	-4.27262750724872893273252831	-3.60705501337083715180827834
3.42	1.59959379878070812592439261	-4.01105527144545956903974291	-3.73793030560361950302145393
3.45	2.0033358403181678789665071	-3.71110003766493026166899667	-3.84340585684899956818859284
3.48	2.38346201091152902788317014	-3.37569090645236632947164716	-3.92274936126202481004055629
3.51	2.73624474005867934906113483	-3.00814289082280954269655219	-3.97545803175408233704524787
3.54	3.0582922199391635916794849	-2.61211463889907054227691338	-4.00126100192352176143959448
3.57	3.3465877740574267952130424	-2.19155982457526646296559145	-4.00011904414585761327607978
3.6	3.59851972589094877833252292	-1.75067707343158193301302319	-3.97222170830075059884349485
3.63	3.81190381881969822502885677	-1.29386170591912677896698355	-3.91798201768532947064990837
3.66	3.98500231962690078493034595	-0.82565690392980568679684949	-3.83802888436400850422862541
3.69	4.1165399292622692358867055	-0.3507001505927942676855679	-3.73319742588230403250750096
3.72	4.20571292860610636766170533	0.12633419281245452794734739	-3.60451737953717709912890029
3.75	4.25218985064009648257577044	0.60079038304112713376580762	-3.45319982004377462112843096
3.78	4.25610606464717030312829653	1.06808096078241981486676992	-3.28062239236140705635889822
3.81	4.21805496240173652527292974	1.52373266028721655174054509	-3.08831327454671548078906445
3.84	4.13907510011790178587982903	1.9634329059734973419967896	-2.87793408662918904387730247
3.87	4.02063088166337835388794629	2.38307743628105609602992546	-2.65126196135816416385281752
3.9	3.86458661605904692447190711	2.77881497873337200932952949	-2.41017099176775484963037682
3.93	3.67317678664977050870004269	3.14708497630205144821321275	-2.15661326914206195921899449
3.96	3.4489750702758192910565666	3.48464847225982451148108138	-1.8925997231999078567998901
3.99	3.19486150915609865648266941	3.78861529649483989812703921	-1.62018097399683337002598669
4.02	2.91398536373648928345627592	4.05646951490659666541739534	-1.341428401813233235884727591
4.05	2.60972299608244791155026688	4.28609168124623462633928451	-1.058415636673500937468892985
4.08	2.2856334971491061850943886	4.47577491060980564963893167	-0.773200662559781329438728609
4.11	1.94541564722147318563149607	4.62423362701378361420889714	-0.487808722281428741981344605
4.14	1.59286710326322557573202792	4.73060658761184620320650503	-0.204216196845498801381967226
4.17	1.23184354635620640806304241	4.79445635942392082349391769	0.075664382307458526761945156
4.2	0.86621555945366608191063571	4.8157655859062547950015347	0.349998048840439480585077804
4.23	0.49982423403796833690158714	4.79492864318537152689582873	0.617039727913376203543005139
4.26	0.13643924905214890998750667	4.73273772144704681234993845	0.87514508207473101313944281
4.29	-0.22027774415957730656155703	4.63036426144092121504822766	1.12277981338833103328261183
4.32	-0.56680522414687584725118629	4.48933763322099137479664853	1.358527388369989326493723805
4.35	-0.8997925119476057115734304	4.31152189542737025703823309	1.58109518292244517004537723
4.38	-1.21609067634912242107586889	4.09908992130908552251983833	1.78931907477219160641182898
4.41	-1.51278160247084875388526858	3.85449423879968993402316598	1.98216653981345095056137977
4.44	-1.78720168731793198049200695	3.58043561246919599895553585	2.15873833517253837082949523
4.47	-2.03695903068870257114669218	3.27983148861657329148845171	2.31826887474281339727992733
4.5	-2.25994661810932943006931068	2.95578528400749355403902541	2.46012542159168786922459215
4.53	-2.45435469395592772574549918	2.61155532985306892098276445	2.5838062354005875242362882
4.56	-2.61868253922160401538295611	2.25052191060316135790424049	2.68893782159834308060362789
4.59	-2.75174683928049055142788357	1.87615309548752225345896303	2.77527143197082276340574434
4.62	-2.85268449373750577176253069	1.49197225898463534114268181	2.8426789644040120976317735
4.65	-2.92095124685909068308749365	1.1015291458851023478042186	2.89114840240190635708762156
4.68	-2.95631935531380549256391252	0.70837277500487460422389377	2.92077892367092319234998109
4.71	-2.95887525238412900930602003	0.31602285035398709855774664	2.93177579209648311604956288
4.74	-2.92901497142357364772979727	-0.07206075912963965976057827	2.92444512969106204589797623
4.77	-2.8674354891859307648530647	-0.45250694509786014124377495	2.89918864547742801247246141
4.8	-2.77512345365539309133741331	-0.82205762714638286823806192	2.85649837772912332373375801
4.83	-2.6533438722167792504621485	-1.17758893461119648324496781	2.79695148545796247525399631
4.86	-2.50362849358624011669235201	-1.51613343891673733369670001	2.72120510540704519884564181
4.89	-2.32776124695001652792780384	-1.83490457208184809266003606	2.62999127289388251699915195
4.92	-2.12775991882373704839075964	-2.13132006767515719797618602	2.52411188936567703943676081
4.95	-1.90585647981312386256602099	-2.40302137079428676019906842	2.40443370706644046787091464
4.98	-1.66447824255088231625337554	-2.64788975584751350371063455	2.27188329221856899851852116
5.01	-1.4062286515883514943278659	-2.86406202911761159785913279	2.12744192287650442217027116
5.04	-1.13386473382914754982871711	-3.04994682641216659328272588	1.972140376235348460465017267
5.07	-0.85027045050595425504230601	-3.20423963866653407497268638	1.807053562616842003439316211
5.1	-0.55842844769604986896762684	-3.325934414718945547908062297	1.63329496937905479608915154
5.13	-0.26139292904263491615212196	-3.414331673457157485988781165	1.452010887207162466068666693
5.16	0.03773653068859530427324692	-3.469044523268539558121328207	1.264374403090124328239651863
5.19	0.33584280378720697477737773	-3.490003185970889649105236879	1.071579158089761726616795026
5.22	0.62982229892508804497609495	-3.477456953077197596063273314	0.874832882981040363313426664
5.25	0.91661789606488645741456314	-3.43197222046172923534700118	0.675350740137609736310639152
5.28	1.19325064301368803963549209	-3.35442660138266410992878715	0.474348514786628908892473506
5.31	1.45684861928506040859787864	-3.24600026818260514044935255	0.273035712120174512725984387
5.34	1.70467414204607559691201059	-3.1081651578638948235635482	0.072608627960688931812933274
5.37	1.93415137769332017778921903	-2.94267123417451766778493411	-0.125756530910583235590785527
5.4	2.14289456027210210054203858	-2.75152859033730154322753268	-0.320910395525376692718543964
5.43	2.32873464037976124063752388	-2.53698550542134187724121563	-0.511736969813368836132964073
5.46	2.48974197325717008576240125	-2.30150413903724004437346343	-0.697159871325239081278558993
5.49	2.62424472539995110208452154	-2.04773543493785685204119352	-0.876148202563575651320870623
5.52	2.73084461421239653053685888	-1.77849302880796954101793064	-1.047721986735795368249268684
5.55	2.80843128721793779014285989	-1.4967246197639078786635019	-1.210957113273519969523823068
5.58	2.85619466847419312507465424	-1.20548012272173171495108957	-1.364989752020277432484790834
5.61	2.87363341115714727312151728	-0.90787817951788005789248062	-1.509020209814502433016763498
5.64	2.860558598525598155584549643	-0.60707365532359195337623356	-1.642316218476870682182200696
5.67	2.817093748003319549573768673	-0.30622716707802025016993052	-1.764215658138844743191657614
5.7	2.743672645685050060030642576	-0.00847513467545651714644019	-1.874128733659660318221395107
5.73	2.641035083810861434180002418	0.28310166376306895775497279	-1.971539633899051477922632015
5.76	2.510219207645373797539836607	0.56551071475187330659266355	-2.056007713294795942682629271
5.79	2.352549838084598492743623304	0.8358787538195412225800182	-2.127168242138876192385203428
5.82	2.169624014294258654306234989	1.09147880985606995665608783	-2.184732775918108007185408598
5.85	1.963295414406135265191842737	1.32975416628206991994888374	-2.228489195015861974719101633
5.88	1.73565740702656478608484426	1.5483420310575448778198293	-2.258301464053928342965526642
5.91	1.48902285629311915157789506	1.74509783467521735009276449	-2.274109155429023121275082892
5.94	1.22590011949434405818545096	1.918117783220372827163933163	-2.275926774537614762952657254
5.97	0.94896744873858311692618486	2.065757058455583667997436349	-2.263842915262366940186670227
6.	0.66104811803917475095613068	2.186644179117040519047899779	-2.238019264070197375729902355
6.03	0.36508542267603308441110847	2.279694027570059585983790819	-2.19868946015490983271021966
6.06	0.06411464625378455415238247	2.344120183863995799929612742	-2.146157808080356966054903791
6.09	-0.23876870961598249010054373	2.37944451416061020456673833	-2.080797828973897529559299963
6.12	-0.54044165273775159497221771	2.385502385395727951462951821	-2.003050627085293903065201941
6.15	-0.83778461591264285725791094	2.362444425219989560446766178	-1.913423041008045544099376698
6.18	-1.12771109992603328046590089	2.310736469914862820124614334	-1.812485543523073822273231838
6.21	-1.40719866016972769784730106	2.231157382824057713719184092	-1.700869851230620152399867017
6.24	-1.67332220572566300146231769	2.12479284542967936593566846	-1.579266205124975091364196468
6.27	-1.9232876061846231697663979	1.99302429154483121066537721	-1.448420286140159661956714805
6.3	-2.15446294964151573822622616	1.83751434095739598859802674	-1.309129735406428384626975918
6.33	-2.36440685216636210136072221	1.66019044443752573885098145	-1.162240257308280793311203659
6.36	-2.550895199388434356317583438	1.46322655864840326472711745	-1.008641294076046912145041471
6.39	-2.71194735528776178335913442	1.24902102193866342265505014	-0.849261273089032098070396627
6.42	-2.845850953596210032974209975	1.02016955866936890722416913	-0.685062441715837967997273572
6.45	-2.951183322740940655943211848	0.7794346842641884131622092	-0.517035318676482256739192434
6.48	-3.02682848598351075179560227	0.52971397942664922993480266	-0.346192804840291921869826056
6.51	-3.071990234298694230226341911	0.27400838067690923573954613	-0.173564009323920545369362232
6.54	-3.086202121160664058371240137	0.01538938384454497979358798	-0.000187858012950462755120966
6.57	-3.06933418191547730151731499	-0.24303645541125473461922831	0.172893439431876666204191586
6.6	-3.021595265603590383756487966	-0.49816546165112376528426434	0.34464098191371988962925423
6.63	-2.94353032878632104387020063	-0.74693479533969553740780589	0.514025743483191162642529515
6.66	-2.836013312498233091038024507	-0.98635800153895210952647949	0.680035029481849558016170956
6.69	-2.700236700719392561237956992	-1.21355789004669678413832111	0.841678741300186004125976694
6.72	-2.5376979621680493860741943	-1.42579835306427108624915519	0.997995375651394866958933185
6.75	-2.350182035137201605609204849	-1.62051620541950729954998476	1.148057693825193081172687008
6.78	-2.139739351676433478466269119	-1.79535188591272624723501073	1.290978008124190266404355399
6.81	-1.908660432401378901884339976	-1.948176546930745463817864464	1.425913045944655716415013095
6.84	-1.65944897122549489096679578	-2.077114254440591416611865227	1.552068366019275567822405315
6.87	-1.39479429093984740247312261	-2.180560348974228211118648075	1.668702315442138504587498754
6.9	-1.1175421657095839049890969	-2.257197762642493980710838782	1.775129529516592473131371738
6.93	-0.83066266773797610018352223	-2.306011449304497471345027047	1.870723988537495029087920495
6.96	-0.53721564132986348696549215	-2.326299213057312172374467733	1.954921655770537369730740731
6.99	-0.24031642519893805802928658	-2.317677578607900917298923361	2.027222728676837567528891927
7.02	0.05689619751972910251110702	-2.280083508945590899275839554	2.08719354054747020503622912
7.05	0.35129075071857216379226517	-2.213773827512245415421927804	2.13446815200830763011725458
7.08	0.63977504464191546435516724	-2.119322646133097989464765178	2.168749671331103043217382574
7.11	0.91932986627174284830536305	-1.997615180027766459307492726	2.189811339288261922340808135
7.14	1.18704164138537923571897672	-1.849837049132604247755726049	2.197497408694850768642016247
7.17	1.44013134045952483210733827	-1.67746065930512477088325906	2.191723841185431878844327888
7.2	1.675980300310760809132806	-1.48223066628400467542709624	2.172478834662068398782978931
7.23	1.89215574430886781768650114	-1.26614790043810582486968133	2.139823184779780901605542297
7.26	2.086436762741722440705990007	-1.03144933964542665261326241	2.093890473407652966888560858
7.29	2.256838449940166155223115888	-0.78058367126471701445837603	2.034887066836444911266940335
7.32	2.401632044629952498635913067	-0.51618500376303020791469455	1.963091897206802533440955563
7.35	2.519361615691818324766049002	-0.24104703605226921001186932	1.878855992779773531299551871
7.38	2.608859071714154807923434613	0.04190318597418045032948157	1.782601716774543881508375951
7.41	2.669257667322556066990895153	0.32963456009401231465678303	1.674821670980001149420195855
7.44	2.700002365051513482678568186	0.61904499995220543493030264	1.556077219518014710426896996
7.47	2.700855865109826657016722756	0.90699600304349203280741307	1.426996590176143917337999435
7.5	2.67190094495142241541996117	1.19034598252107142716680793	1.288272515667052627265068822
7.53	2.61354035568647212357251463	1.46598203801381339646179951	1.140659384885378017092606411
7.56	2.52649418006200179601950801	1.73085202705222835755501196	0.984969884435751794937442857
7.59	2.4117931816855718798548824	1.98199825699468716804891735	0.822071122962577147825119739
7.62	2.27076718550295684382480571	2.21659169065458276218865713	0.652880244553561463172518595
7.65	2.10502939334202455756036618	2.43196412844268006715367728	0.478359552038324977804253128
7.68	1.91645847645713989829423096	2.62563688136851658702249115	0.299511175612589018410689275
7.71	1.7071791165375730988384699	2.79534656547398361959566314	0.117371336110534475381061223
7.74	1.47953978838501264527921376	2.93906938352073183091546322	-0.066995735336019830107966633
7.77	1.23608633834340082360270752	3.05504397317010136671944468	-0.252504149265876449636282978
7.8	0.97953179080636395017545561	3.14179130384248450619881815	-0.4380529020018951089464516
7.83	0.71272475522754074218459637	3.19813010675985415952995734	-0.622532528112626481182742083
7.86	0.43861854344280471775996911	3.22318782517451541679949326	-0.804831776543596682060683901
7.89	0.16024084282927692725606779	3.216408233880805853859079103	-0.983844228345293159276059281
7.92	-0.11933791186279972965477556	3.177556407150651833719210676	-1.158474779870409989163749163
7.95	-0.39703842837538727345985806	3.10672039799277338090586742	-1.327645924259595188789885295
7.98	-0.66980708966012756966109038	3.0043086503396505458846012	-1.490303775475162768548297546
8.01	-0.93464821521529210843164899	2.87104333526725226614261106	-1.64542379243269406467213052
8.04	-1.18865275744246313691069508	2.7079510022598724008321256	-1.792016175183254465933299598
8.07	-1.42902494611674928641133088	2.51635152627304338360243209	-1.929130919827020206528591104
8.1	-1.65310914226395793720812032	2.29784473378793091120625544	-2.055862533102531194635712899
8.13	-1.85841691729966939680944941	2.05429347906486660680429582	-2.171354420645776999953362406
8.16	-2.04265182542056294647990237	1.78780345731990260770186255	-2.274802974081147199025399459
8.19	-2.20372971420419852508547716	1.50070194683479310689153341	-2.365461390835139994434341679
8.22	-2.33979539378942031937533509	1.19551722425159909953678631	-2.442643266432514169308232035
8.25	-2.44923830002632355657329049	0.87495764241617933178854191	-2.50572600177310200936357242
8.28	-2.53070802897912055958113472	0.54188778161862424490723754	-2.55415406738356643663573684
8.31	-2.58312770518129174425120353	0.19930124594246287074296406	-2.58744216293742223019117129
8.34	-2.60570324032712458693607404	-0.14970689134353576320484117	-2.60517830363507157826987156
8.37	-2.59792950319912144172420657	-0.50196513228527753176230157	-2.60702685566895803134826998
8.4	-2.55959575120073090519551605	-0.85424922687640613088064686	-2.59273153142576234930192769
8.43	-2.49079030180601284346247675	-1.20330810951011402078962899	-2.56211834185986850289130769
8.46	-2.39190206022731614151541907	-1.54589320653181759789922474	-2.51509848925315714087094028
8.49	-2.26361789406606187891986042	-1.87878818200230297341425665	-2.45167116905450488192498654
8.52	-2.10691786276573492941244309	-2.19883608267252672804942742	-2.37192623539551852299024201
8.55	-1.92307035929445986493917025	-2.50296443355887435548157178	-2.27604667193287114617334449
8.58	-1.71362614112331387862708739	-2.78821112680843037731318116	-2.16431079856471877832461082
8.61	-1.48040836112610363692548451	-3.05175228627511418149771487	-2.03709413593532283315172484
8.64	-1.22549764855414337884343807	-3.29093030276546807251813553	-1.89487084400491731465079648
8.67	-0.95121450346516255973471715	-3.50327967775237582989349632	-1.73821464871649528432215028
8.7	-0.66010166059722336427308449	-3.68655036988183312549584939	-1.56779917217348545284671069
8.73	-0.35490620595872451652239067	-3.83873007145510842384292043	-1.38439758680632514409961677
8.76	-0.03855864287770436986117684	-3.95806622309491243560788529	-1.18888152260996438048048099
8.79	0.28585307871256723504306616	-4.04308672818278913546369131	-0.9822191683375155408847747
8.82	0.61511328345762854938651902	-4.09261770699355320929127954	-0.765472522006878196680632443
8.85	0.94590878542455936775113518	-4.10579788028489309933284706	-0.539793762519321515321098431
8.88	1.27485784927870134056464912	-4.08209053694171235013183905	-0.306420731772661863991994603
8.91	1.59853932682428358569929827	-4.02129373413532779772643884	-0.066671534464685584858745188
8.94	1.91352459855502921679752817	-3.92354784249698549552220543	0.178061720113054612169376353
8.97	2.21641283776959147544400407	-3.78933886070183139974897788	0.426319994495710635759349381
9.	2.50386709818389304023174907	-3.61949715531551679004374849	0.6765851647982099416919328
9.03	2.7726481801760691392209877	-3.41519306009442597343473749	0.9272885648807353268936221
9.06	3.01964569935113474813779531	-3.17793085987853771168692979	1.17682016344300068511652994
9.09	3.24190842058266480815458298	-2.90954078046335265770227528	1.42353830165381667794699427
9.12	3.43667576771277593759545062	-2.61216693470499711041707225	1.66577991957496715119280445
9.15	3.60140975708222442739415768	-2.28824997665269400683591712	1.90187120349071488683594701
9.18	3.73382459519135027169476671	-1.94050590433132013541680087	2.13013859268918286973509205
9.21	3.83191217356070597021444345	-1.57190395339000943900875908	2.34892009242278965194999007
9.24	3.89396445317934924224217771	-1.18564477683169902732745928	2.5565768486963013834241911
9.27	3.91859490304793329321077179	-0.78513681358308892434725903	2.75150494908111008135961529
9.3	3.90475934858257577438340238	-0.37396782629180552433566179	2.93214742078584428657758208
9.33	3.85177417192622754093392995	0.0441284400216529592116003	3.09700640161842231883147727
9.36	3.75933001819331352785597929	0.4653068778747359730349476	3.24465546025898042925270919
9.39	3.62750179171119680592497305	0.88564359356555548533857319	3.37375203861685225525621469
9.42	3.45675708764181618460737586	1.30116750965419452097434974	3.48304998040571225155192277
9.45	3.2479630647341641212840732	1.70789531556148389864347546	3.57141209617803718788866807
9.48	3.00238896666475304497516051	2.10187173442852556249566931	3.63782269599450279978623831
9.51	2.72170245268426989947806258	2.47921176144833927575336773	3.68139999711652623634704134
9.54	2.40796179350639473813005946	2.83614026873208168107598696	3.70140828643177840605669709
9.57	2.06360701186165523698027124	3.16902897391905876051577319	3.6972696869568954443788398
9.6	1.69144894761909330314498732	3.47443481886179742158177792	3.66857534625827277275073051
9.63	1.29465164186198680673214703	3.74914168765189922837394188	3.61509583383719619458080143
9.66	0.87670597185345835349219671	3.99020241973200694495120299	3.53679050651193235454966035
9.69	0.44139797843909482641680577	4.1949772509568252897448201	3.43381557780105535968197308
9.72	-0.00722380517178600404858456	4.36116857686244192160425366	3.30653061149048526446541841
9.75	-0.46488262369905309549801728	4.48685436937408602344374985	3.15550315305670167127453309
9.78	-0.92711396473510736753022613	4.57052052155863945841183768	2.98151121726428067854590523
9.81	-1.38931472524413382538349204	4.61108928718988404893790752	2.78554336749025879078610341
9.84	-1.84679819631624822380580176	4.60794120656673092885636147	2.56879615302938288897181553
9.87	-2.29484980672907965467242092	4.56093082484562136569155853	2.33266871500188586049358606
9.9	-2.72878170349764365676838871	4.47039794462115561590670483	2.07875442894414408260952417
9.93	-3.14398846660936552928994974	4.33717424599332481368722691	1.80882952131364046296159173
9.96	-3.5360065476912257043741011	4.1625825444361005232313362	1.52483867576464718968314677
9.99	-3.90057631876699806032578233	3.9484262980586622591507852	1.22887773017761844086147312
10.02	-4.23370231761307733427880457	3.69697009805402172587347066	0.92317365345645154856957403
10.05	-4.53170791140937980119981223	3.41091414424937147895354704	0.61006207801066256952265101
10.08	-4.7912840445042450309676965	3.09336444161670130697204613	0.291962745383247902780061948
10.11	-5.0095339325206605039076634	2.74779722453849966049035293	-0.028646705488823718186392065
10.14	-5.1840142959079048322569347	2.37801496174770981824063173	-0.34925811918997328652369257
10.17	-5.31277088520509049730625	1.98809395826252867199143979	-0.66736084352331580517849274
10.2	-5.3943651362429318248656982	1.58232732221274558967151893	-0.98046983422079772630994068
10.23	-5.42789082023001288044468518	1.16516771802430724161678937	-1.28615328764534768958309125
10.26	-5.41298210204223252463498304	0.74117107498571021464559211	-1.58205926150596851390169439
10.29	-5.34981469592692104975741236	0.31493892983925945734528891	-1.86594077997314919573319656
10.32	-5.23909994542389803554261126	-0.10894256019818755220106249	-2.13567897323960131850306511
10.35	-5.08207038167739139060760214	-0.52596492088453270278706821	-2.38930386957484644332940669
10.38	-4.88045648856764358199417476	-0.93175586780812588547997466	-2.6250125366317792922598844
10.41	-4.63645666389566188605511075	-1.32213041702944412623827713	-2.84118435410542027563007206
10.44	-4.35270283798286556141781692	-1.69313567869961275687196098	-3.03639328759177616595100749
10.47	-4.03222225344490271435405635	-2.0410930322206501902839525	-3.20941711954369360396876588
10.5	-3.67839418677049267458525623	-2.36263892760657459586495423	-3.35924367383787307691483701
10.53	-3.29490157106332045937383168	-2.65476098769883918684392631	-3.48507414249530945164492726
10.56	-2.88568043319989848102385235	-2.914825094077122315317325	-3.58632368410123294709371137
10.59	-2.45487075544202808103417159	-3.14059323959551324080987117	-3.66261951182146097519771347
10.62	-2.00676915531234509867078684	-3.33023621939292035552810225	-3.71379672380912020078267207
10.65	-1.54578040829535896162157274	-3.48234433013860945973237539	-3.73989215023050386704333959
10.68	-1.07636617873318087294224328	-3.59593448901248332435301598	-3.74113649981248706183699504
10.71	-0.60299423721974965393577358	-3.67045019030960913800131635	-3.71794508601902791528333623
10.74	-0.13009318946953415330108745	-3.70575424780709886198226229	-3.67090740044459093067049652
10.77	0.33798681351629738925895246	-3.70211807627916567681660107	-3.60077578081260567041661343
10.8	0.79701199022551230091854598	-3.66020981061518790760134981	-3.50845339528413621365277731
10.83	1.24290468213532306018945982	-3.58107938555059532940750902	-3.39498173582575197313076289
10.86	1.67178226611347376778071023	-3.46613828277808846062913986	-3.26152778325693205249865989
10.89	2.07999024742764641790154693	-3.31713536024002513260096463	-3.10937097718616553693066955
10.92	2.4641285934101278000532778	-3.13613213925196373112149791	-2.93989009695164797755453134
10.95	2.82107500661309582957400013	-2.92547823302515362496948562	-2.75455013616271213776846889
10.98	3.14800835780117741494277697	-2.6877842691976028576906891	-2.55488923437022830808925136
11.01	3.44243129000263304285563432	-2.4258903783889097029778686	-2.34250571526846905331847353
11.04	3.70218860563443234570165004	-2.14283202298514149765967355	-2.11904527175864523842296945
11.07	3.92547986745462218709073525	-1.84180669196407383907114265	-1.88618833394471482436205787
11.1	4.11086781836994360153598056	-1.52614258557354642346498943	-1.64563765613502182775601169
11.13	4.25728492081338831316209993	-1.19926691421157103178742362	-1.39910616238543159469632905
11.16	4.36403823470875294533818196	-0.86467110406983948622521019	-1.14830509605086882194266091
11.19	4.43081089302060878066651123	-0.52587338427838041172817554	-0.89493252610998888553895902
11.22	4.45765883784708019537330368	-0.18638216447288585532479393	-0.64066227055485077876169625
11.25	4.44500339085540139264163088	0.15033704772380630704106047	-0.387133303799292497774621312
11.28	4.39362116716507481379126882	0.48089184261760131159499975	-0.135939719876777992618071209
11.31	4.30463183267638768761697704	0.80199310875621311335667315	0.111378674630314416672157193
11.34	4.17948277861195047205588906	1.11048673135818050254985702	0.35334506503561566024007783
11.37	4.01992987875850159349213854	1.40338491874446166266916666	0.58855356205176351458394342
11.4	3.82801501479423475329554176	1.67789376524726112257434532	0.81567630418058669834460342
11.43	3.60604205150165188490360089	1.93143563212737107519550729	1.03346968029863967820005791
11.46	3.35655208281890853683315152	2.16166812474280122402706001	1.24077963808068038146950866
11.49	3.08229707413962264914647695	2.36650231358238845714629225	1.43654606041094771614308934
11.52	2.78621070333596101824534808	2.54412055647217839182621116	1.61980620977947300460117666
11.55	2.47137689329410914516351795	2.69299157592087598719433546	1.78969725892736905642127206
11.58	2.14099831136681495090026686	2.81188045869197519461921918	1.9454579437474235917628328
11.61	1.79836666572025049393385143	2.89985389840606328286066863	2.08642939076095485918470724
11.64	1.44683416613652220626851007	2.9562831535125950519635479	2.21205518557204919082660315
11.67	1.08978387361895598087752683	2.98084636424846039517380805	2.32188075988218934802945631
11.7	0.73059804929925277483218562	2.97352922239859976072456655	2.41555218244453133841322167
11.73	0.3726266576314688444791937	2.93462190674361650564373858	2.49281444345650537434383113
11.76	0.01915912991433071301931482	2.86471205000716982914737686	2.55350932224311280039361232
11.79	-0.32660023610342322579590608	2.76467577385194162296144739	2.59757292477840757213880308
11.82	-0.66155620761603566627704153	2.6356683458992647998378777	2.62503297091571526204233682
11.85	-0.98274845947701698396149211	2.47911339883661223313963888	2.63600590158948268314992725
11.88	-1.28737797041226709727210152	2.29668875756181722213056801	2.63069386427943770791899514
11.91	-1.57283022081033319186901521	2.09030928874556027027205701	2.60938162134904135117815467
11.94	-1.8366939315802188612313599	1.86210932801501363908249431	2.5724334112010884175273735
11.97	-2.0767780999490358901790834	1.6144256059475382946770731	2.52028977727445015252559547
12.	-2.29113011145219976347092274	1.34977833363156828534549809	2.45346436547092170553592338
12.03	-2.47805397914636422350296493	1.0708481866846957561566238	2.3725406773468193157030041
12.06	-2.63612566007189330728908306	0.78045048543259824930404301	2.27816875496347114900500761
12.09	-2.76420444481851456846181221	0.48150984023163709238116903	2.17106176420892206711330462
12.12	-2.86144218874220954842965896	0.17703612848475218135403593	2.05199243711495006421376496
12.15	-2.9272918711172267891662011	-0.12990075350161203207030031	1.92178933050524476274515389
12.18	-2.96151457034104725358351819	-0.43619983145620393866107599	1.78133285838516188042378883
12.21	-2.96418296169737077538679546	-0.73876083762935304370322903	1.631551058829580287343166715
12.24	-2.9356809424615257669805586	-1.03451567861250869115770633	1.473415062592577571333589746
12.27	-2.87670062888970903256732371	-1.32045772280349092331131427	1.307934239942657613007823119
12.3	-2.78823754226809743453225934	-1.59367005744262138988614445	1.13615101386308164532057911
12.33	-2.67158304260492593850836909	-1.8513549464002253821506107	0.959135341159930953054143909
12.36	-2.52831242851707232382564339	-2.09086481075465110896002359	0.777978877496536454141533813
12.39	-2.36026852725284344604495672	-2.30973256305407211917921219	0.593788857155417425594129953
12.42	-2.16954234331834818098308053	-2.50569884979381124862254791	0.407681732619678856880580373
12.45	-1.95845226377593605843736359	-2.67673574731269341732894586	0.220776632079812545350888201
12.48	-1.72952150162472080346180992	-2.82106827223106586416831594	0.034188703983552952142533904
12.51	-1.48545213035253861812239856	-2.93719474240736915296755597	-0.150977573865085510687709258
12.54	-1.22909495593348243470147704	-3.02390519700270015636730589	-0.333635037862871460734129331
12.57	-0.96341671243157367343450676	-3.08029601781789025705566127	-0.512720350138193329460037591
12.6	-0.69146711569182826961007358	-3.105779766063838240885134	-0.687200294992240438623806636
12.63	-0.41634690454746522141554729	-3.10009090650070822077212723	-0.856077782215531433252743913
12.66	-0.14117569764715346249411916	-3.06328858002761765933187739	-1.018397487390230292654615801
12.69	0.13094203100868201512490819	-2.99575650965442366458505333	-1.173251070083307377082001722
12.72	0.39695259903157351799005585	-2.89819902622934655941928928	-1.319781923668193202299584689
12.75	0.65388787507487954297285291	-2.77163257837598518716363524	-1.457189424669403068126582095
12.78	0.89889674309427241916401629	-2.61737350118909325017499164	-1.584732664235834006199350065
12.81	1.12927332749032514762969269	-2.43702341783644288285659244	-1.701733658836346481905722663
12.84	1.3424840716748129790690353	-2.23245258280495941550700063	-1.807580050796747994407250526
12.87	1.53619497070093507930084113	-2.00578013024322253294508012	-1.901727321201395015833062346
12.9	1.70829756156319145888204991	-1.75935053788187870586581654	-1.983700547420426226451499435
12.93	1.85693099058598059187434866	-1.49570751093698901245815524	-2.053095744689251017002410404
12.96	1.98049930225158908869941575	-1.21756747453753061036185695	-2.10958083550859068108027292
12.99	2.07768579799576683513195196	-0.92779326166089436757015705	-2.152896292058945988848736771
13.02	2.14746639998815723478850807	-0.62936616200328826171434916	-2.182855495396913753441738625
13.05	2.189121335248148949927501691	-0.32535464620180777330917142	-2.199344851131711034814103307
13.08	2.202242821906592776238427069	-0.01888107977596212056847633	-2.202323694906486634765130063
13.11	2.186738150117439286501588246	0.28691034102378091917473208	-2.191824012775623477669277701
13.14	2.14283002474395375774780935	0.58888331648379331259092547	-2.167949992004369564490047459
13.17	2.07105550028466451365355605	0.88393920685492591088841223	-2.130877407505866429750787367
13.2	1.97226217918369971021629119	1.16904919871989144037258077	-2.080852838688157489492759776
13.23	1.84759977679111153374309114	1.44128774753585162703228715	-2.01819270152823583491792886
13.26	1.6985075941644181336209383	1.69786405292228672828595782	-1.943282071815966412373456659
13.29	1.526700149445505226250731	1.93615023122321062810646735	-1.856573268262109646902391892
13.32	1.33415163534070388348837584	2.15370782959073842312346908	-1.758584159010964953579944091
13.35	1.12307730962550434550655342	2.34831446647050707959807867	-1.649896152410356760279433258
13.38	0.89591001450496337100289292	2.51798997484933106743086132	-1.531151832921968854611194382
13.41	0.65527266417404640993055458	2.661019835475841691186424491	-1.403052205919899848324437097
13.44	0.40394931543337044493433716	2.775974660239427123696569724	-1.266353520793854463154271863
13.47	0.14485618749388514824884389	2.861726357268782496441617244	-1.121863650061957307377510748
13.5	-0.11898860059230768413963226	2.917461956412580392079948239	-0.970438012772769507910182321
13.53	-0.38449853804271846865824606	2.942694759372967444327500888	-0.812975042863354957644358894
13.56	-0.64855545029467409487361408	2.93727144107269278134272082	-0.650411216747598718385430659
13.59	-0.9080470604984495618537849	2.90137431879072133932049239	-0.483715668553527312915362447
13.62	-1.15990293079065100813401634	2.83551938356594706456260082	-0.313884435373547032127649319
13.65	-1.401128493206707512148621	2.74055106465418957881644889	-0.141934387889477956747038139
13.68	-1.6288387122583940155302534	2.6176336519751508989023213	0.031103086928551607220603607
13.71	-1.84029237603775362446729487	2.46823828680559822841087114	0.204188575307857086073006284
13.74	-2.03292582749725106076922734	2.29412492009178724294090842	0.376281216367195253256927336
13.77	-2.20438367256203451463981696	2.09732022876204988394765709	0.546345286972246566857972473
13.8	-2.35254504608382235617287472	1.88009330250877731354074263	0.71335670697685870175519862
13.83	-2.47554611695962487054583664	1.64492989748861509012766363	0.876309383671213843103279233
13.86	-2.57180029153742508053325128	1.39450434860035132107472096	1.034221320973941920155943876
13.89	-2.64001630045984978725142893	1.13164796897944646608461625	1.186140428356089680557317285
13.92	-2.67921271704862939689502012	0.85931449187391605301513591	1.331149976135905856336956662
13.95	-2.68872749135777050131205065	0.58054494084285433796688194	1.468373656984566654680415571
13.98	-2.668222737255546248848354147	0.29843400117125924082528849	1.596980227511281537188205201
14.01	-2.617686237137583809296374018	0.01609764443637386684110544	1.716187717901169853407509952
14.04	-2.53743045413738769992673552	-0.26335994004944719916992578	1.82526721102779072101981662
14.07	-2.42808825725860691818890019	-0.53688098578064628870790034	1.923546204580029848661026687
14.1	-2.2906043139526650298161619	-0.80148850481603243554900437	2.010411579950269726490705137
14.13	-2.12622269009178368920879962	-1.05431744428035359186859414	2.08531220946933379106086807
14.16	-1.9364724777043649227264065	-1.29264191037035796917816522	2.147761238726252818119123662
14.19	-1.72315223088536662154237286	-1.51390063847998262979235163	2.197338083010787737193682617
14.22	-1.48831182853010494449539689	-1.71572279815013534299896814	2.233690176349496470576874182
14.25	-1.23423031777458920648823344	-1.8959531430244208453054991	2.25653450830415889833519716
14.28	-0.96339090339495716908901687	-2.05267359268308217755102656	2.26565897793149267483058908
14.31	-0.67845594704734792245046592	-2.18422026721655083774432548	2.26092358645026701074022763
14.34	-0.3822427730415049308138078	-2.28919801253452950424956304	2.24226148070887012963846835
14.37	-0.07769782626248835128255792	-2.36649423307121381011862199	2.20967984905066016609123277
14.4	0.23213299528606326578670647	-2.41529096504604593276455809	2.16326066024360642438776509
14.43	0.54413639787133696824150374	-2.43507301673833208134674715	2.10316122540625678775427126
14.46	0.85516274512825704044579867	-2.42563211095366637375575053	2.02961455295216758499890618
14.49	1.1620549938402533964668098	-2.38706886570307844638497419	1.9429294580869406685844936
14.52	1.46167768125475088096872238	-2.31979335848140962119791041	1.84349038186467076461727088
14.55	1.75094817639575170571205095	-2.22452273549810308810415406	1.73175687069701721147325721
14.58	2.02686949234928414092751174	-2.10227421912950560840858361	1.608262665850381188099223496
14.61	2.28656190174985329259129856	-1.9543540743121310998276062	1.473614354073549955728272968
14.64	2.52729165793914143625415344	-1.78234460271025312479624341	1.328489535127334358618650046
14.67	2.74649760558703673562284608	-1.58809005226773839715945731	1.173634469534347417542890833
14.7	2.94181731229029900672756446	-1.37367999667232144976444719	1.009861180060411709762334516
14.73	3.11111284802553443336255071	-1.14142824490201088034827856	0.838043992848459756072821881
14.76	3.25249455057189434706692852	-0.89384740104361154235821932	0.659115518176779440987578963
14.79	3.36434113454661844027609139	-0.63362142536438281789100488	0.474062085814414226215299717
14.82	3.44531605931611781950595592	-0.3635783447125533752110977	0.283918665124642899994213922
14.85	3.49438116103181012359521496	-0.08666286557946318087956893	0.089763314612533221567694874
14.88	3.51080798358078888695458987	0.19409314575096381514562824	-0.107288781274172925692424455
14.91	3.49418595848350267443661873	0.47560341638716779024856695	-0.306091619336970820479559044
14.94	3.44442634048063083206733956	0.75476169524871250557221364	-0.505474951908086229154132045
14.97	3.3617619514004689521940574	1.02847491099721013127894021	-0.704251046438403617277146769
15.	3.2467438653918825047478945	1.29369358425358958538578323	-0.901221547287060414688557691
15.03	3.10023579096919631439757836	1.54744070735209388005991445	-1.09518435892778090992713339
15.06	2.92340555075835733872483999	1.78684118226935734643664859	-1.28494047561911666745255005
15.09	2.71771256874810240609935878	2.00915200099236748568400413	-1.46930069159621702297066919
15.12	2.48489153248249664532909078	2.21179088681214911822188551	-1.64709213751315940512834091
15.15	2.22693403497065271431974207	2.39236098653523783620940635	-1.81716460252889604458030788
15.18	1.94606988979083952810859148	2.54867161429801213793687172	-1.9783966163084776801163309
15.21	1.64474777777740076931389147	2.67875720648851019460849078	-2.12970128046302554729912067
15.24	1.32561328620117781940652791	2.78089602945994290938918362	-2.27003185372027285205674108
15.27	0.99148347075003821206678399	2.85362761252776168791328671	-2.39838710857678255306276755
15.3	0.64531989029414147318760451	2.89576663748944075436143398	-2.51381648858054222520797507
15.33	0.29020315501079560985631349	2.90641275504597831752717457	-2.61542510408431008991224458
15.36	-0.07069045689486925448526194	2.88495825134083452048034518	-2.70237860978771915982393735
15.39	-0.43411313162517843820285009	2.83109527110377224270189185	-2.77390800929729328017846579
15.42	-0.79677305014647048527627813	2.74482164056604876647765823	-2.82931443009306073193334894
15.45	-1.15536401804921239403674773	2.62644312524078092650855281	-2.86797390668495884096417258
15.48	-1.50659324116110838746267299	2.4765722345133756692763967	-2.88934220052809942964128405
15.51	-1.84720576065121136525834045	2.2961261156502154022043035	-2.89295967276210179658493431
15.54	-2.1740084867777048407662804	2.08632463829267332960537843	-2.8784562105155793609900059
15.57	-2.48389708048619117100333441	1.8486862550637411639806875	-2.84555618997655756793617301
15.6	-2.77388486572891265808331838	1.58501900520783154519526975	-2.79408344039187877567340279
15.63	-3.04113030558973097418642514	1.29740776488729745528477841	-2.72396615343320398970099796
15.66	-3.28296164897639164602137286	0.98820119627978608254327728	-2.63524166282680646070859246
15.69	-3.49690071836381910602500903	0.65999933785173449804801982	-2.52806100069278828641553346
15.72	-3.68068786827091598648295247	0.31563877896401758024914793	-2.40269312057553751563062005
15.75	-3.8323073738366607351450756	-0.04182780664791311420658259	-2.25952866352580894615871237
15.78	-3.95001092940345687343390129	-0.40915718005210265491628033	-2.09908313358463014878454738
15.81	-4.03233833853633772309600771	-0.78294255187393358714850078	-1.92199934326171029775367456
15.84	-4.07813653380114517543045416	-1.15963990276133530017205991	-1.72904898857072359986922544
15.87	-4.0865779265808885982790766	-1.53559523750426252492061516	-1.52113321715449720425621196
15.9	-4.0571770768503637199806045	-1.90707606286340319605773978	-1.29928206205243542793831962
15.93	-3.9898035642767358817742385	-2.27030805367034802080882429	-1.06465262753873321810773495
15.96	-3.8846902510506079302944245	-2.6215143473121766799178208	-0.81852593176316502013264103
15.99	-3.7424382128480989620816974	-2.956954121827544381584292	-0.56230233300585193081303862
16.02	-3.5640197861044993471759999	-3.2729596988374849798156688	-0.29749549137609031577772644
16.05	-3.3507790882663284673001187	-3.5659742314264541844006423	-0.025724844768396568805945735
16.08	-3.1044275410162034022867201	-3.8325919085562284875422118	0.25129339421392180879116256
16.11	-2.8270327759604432746760944	-4.0695998315939836378055088	0.53175668590242461129551335
16.14	-2.5210021296238525314247345	-4.2740185252604508503919032	0.81378799468686146572510461
16.17	-2.1890635461272116884680143	-4.4431388189191486161645103	1.09544891789746813063188252
16.2	-1.83424508862265045887683089	-4.5745554856731683969356833	1.37475400474680791987688407
16.23	-1.45985111675027537051068191	-4.6661994151301030614734543	1.64968613873949516913037373
16.26	-1.06943222199431597097424465	-4.7163687296051946413925103	1.91821284132992853190661042
16.29	-0.66674867615095074165559961	-4.7237569552142642979394402	2.17830334216795621071396774
16.32	-0.25573068098007069613386703	-4.6874759912082433027736352	2.42794625171453478830056585
16.35	0.15956097042955922047713683	-4.6070735935455211654840201	2.66516766484349050370720857
16.38	0.57497373383686630273619484	-4.482546858330547154894499	2.88804951865813923127279214
16.41	0.98630500501844456109393385	-4.3143524556222105002459246	3.09474802348006842829350704
16.44	1.38934914587852083766685542	-4.1034121099446013652455127	3.28351198217825977413811387
16.47	1.77994780760474264097361484	-3.8511112465510013963614257	3.45270080917213594511791541
16.5	2.1540385915194199518986778	-3.5592909959679022709474526	3.6008020562080787177895972
16.53	2.5076995334108793677938647	-3.2302359967877596545472401	3.7264482472488937959849704
16.56	2.8371919537593446679669826	-2.8666592131490597340946897	3.8284328196647068565511283
16.59	3.1390054607954510824988549	-2.4716814080059500350144209	3.905724963780641901174289
16.62	3.4099044801540327231136531	-2.04880209925435624656957125	3.9574831483918667819748986
16.65	3.6469713793545742097192804	-1.60186287191553715903119001	3.9830671169968548695839304
16.68	3.8476429448887867135741329	-1.1350077834193021407131823	3.9820481392904507799285409
16.71	4.0097421650878166587490446	-0.65264341414860146013622087	3.9542173060579450551776614
16.74	4.1315084665288995565330551	-0.15939530196902384601704742	3.8995916641815599516386064
16.77	4.2116253511396890766956219	0.33994368831566127509768793	3.8184180030786700851337951
16.8	4.2492414021379325012286908	0.84047192626221392066659057	3.7111741254096469945598422
16.83	4.2439831572678196820177613	1.33723846953919616836167911	3.5785674639064765968568667
16.86	4.195962186357504727953695	1.8252995736200243329017276	3.4215309428937504534305466
16.89	4.1057781727682602573647607	2.2997743731704478729202306	3.24121602727815573071675642
16.92	3.9745160945818473089001524	2.7559036914324561764262596	3.03898295277297585162572162
16.95	3.8037343964989425839843495	3.1891117957792224926805339	2.8163881877170228359424358
16.98	3.5954441594584520639956301	3.5950663844779613867231856	2.57516923739700972836365839
17.01	3.3520825514394934153322516	3.969732429662241517730916	2.31722696423682786238437115
17.04	3.076483062858979047865283	4.3094196235339452899939148	2.04460565920805800415506754
17.07	2.7718413485163630923314384	4.610825918261226264978425	1.7594711587765958157211012
17.1	2.4416737258469855045099678	4.8710782395654645760320902	1.46408735500670393332880649
17.13	2.0897679129640229330082035	5.0877681961094202257250797	1.16079149157050817538808132
17.16	1.7201295740457418288823805	5.2589795241243470219196391	0.85196867308935990598560264
17.19	1.3369290695655318722326039	5.3833061088710718262352028	0.5400260376027214962968496
17.22	0.94444956233713675058651173	5.4598620277722734861691503	0.2273670506977527019956665
17.25	0.54703409431857429284565202	5.4882853219850801172545647	-0.083633625746044928331645116
17.28	0.14902952004384061480740191	5.4687353677696823211475742	-0.3906542571250142696258008
17.31	-0.24527101909722731088417715	5.4018824487604743682449861	-0.6914487523817023501727198
17.34	-0.63168239174096157924840273	5.2888891085323022688183635	-0.9838676190061324838595313
17.37	-1.00617510842588100429103326	5.1313848549806010724571976	-1.26587685861600681913762033
17.4	-1.36491704904986441929872199	4.9314363403516182653897402	-1.53557456848839058005431486
17.43	-1.7043125807432918106188698	4.6915136941639662263707938	-1.79120508284465701339730231
17.46	-2.021040521241805527421711	4.414452272214956163281173	-2.03117055806686648945736924
17.49	-2.3120884388411882102640147	4.1034097501530222836008814	-2.25403997540669872784979572
17.52	-2.5747793579041004520407034	3.7618205999559728078718858	-2.45855560037930263763423737
17.55	-2.8067898146294874138568916	3.3933508240734715718106131	-2.6436369974831460852756985
17.58	-3.00616217392823781631654	3.001853972343221032440989	-2.80838275016491949079249359
17.61	-3.1713146801316150699535008	2.591326912983139772496067	-2.95207007758924166584254858
17.64	-3.3010493763924204157905886	2.1658638414876586277649722	-3.07415257087181445802808439
17.67	-3.394554966741584078746404	1.72960997061108728482443096	-3.17425629165168645819531199
17.7	-3.4514027496405559912463418	1.28671867393360305537812632	-3.25217448540615596488302927
17.73	-3.4715375743102480770052276	0.84131411608413964632471598	-3.30786116141668192896465705
17.76	-3.45526736855712188007653368	0.3974570770322766166990702	-3.34142378183570222287561894
17.79	-3.40325205414412270329644486	-0.04088986741480104572875038	-3.35311528524376294244324442
17.82	-3.31648947455339228131258424	-0.46989796261081011779743035	-3.34332564698997284898499262
17.85	-3.19629692148939497897811389	-0.88590445428389570229874286	-3.31257315115274714929822156
17.88	-3.04429046353180257339364707	-1.28543810036500169950296656	-3.26149551884080347139921836
17.91	-2.86236489359076345476104295	-1.66524019662315874249533571	-3.19084100642063839710710593
17.94	-2.65267358534132964548919074	-2.02228583948876234651665608	-3.10145955663161882582691193
17.97	-2.41760528450440722794786482	-2.35380647823658826064952068	-2.99429405678874000039016228
18.	-2.15975743618072008890334634	-2.65731020478489929733990035	-2.87037173252299338758665341
18.03	-1.88190921860188666527764123	-2.93059675632679131663538865	-2.73079568368196348160688483
18.06	-1.58699667915532401621585572	-3.1717684428709327085997633	-2.57673655176896824887911963
18.09	-1.27808830287482261027374938	-3.37924022120888436636233117	-2.40942429603904486126992999
18.12	-0.95835759270798920100343783	-3.55174985552034585876292957	-2.2301400482373230513042756
18.15	-0.63105205813456006657979158	-3.68836614339882723096392641	-2.04020801385258149182418262
18.18	-0.29946165446264209021165901	-3.78849321611479221361231516	-1.84098739032395482818269283
18.21	0.03311031157949825032920332	-3.85187124243585086545320274	-1.6338642793275695554783793
18.24	0.36337422896600066509523722	-3.87857517474824717012309876	-1.42024358034597565443874967
18.27	0.68808218487951877253099905	-3.86901204969743563409630105	-1.20154086530567074988554042
18.3	1.00405870444215493319861938	-3.82391561609724476246209672	-0.97917424817568831067966862
18.33	1.30823257735075514323591639	-3.7443370467481927838942553	-0.7545562780221076490875696
18.36	1.5976664352397454222959958	-3.63163210728363015215051441	-0.52908589808263984394665235
18.39	1.86958253056765650458289977	-3.48744623864793271732851783	-0.30414052599509703036638289
18.42	2.12138619891596749563174187	-3.31369817131088663182330017	-0.081068320529911108111674106
18.45	2.35068933915456104963298835	-3.11256103804685943248260784	0.138819292652088772132195135
18.48	2.55533415002096029270059136	-2.88643967869233645655483914	0.35425476006084543833956847
18.51	2.7334148495368708252394564	-2.63794446661479913421425821	0.56402112826642473713970296
18.54	2.88329499061391418929415694	-2.36986367249703737082354351	0.7669582886129867057855976
18.57	3.00362024581946168990597742	-2.08513604670714568955240073	0.96196867434827916280344438
18.6	3.09332851851754287471571788	-1.7868232083709089901566539	1.14802235652768110705096879
18.63	3.15165880316245072035190117	-1.47808001864558091194772328	1.32416149837432801191509745
18.66	3.17815811027814545115327107	-1.16212220302524157326392398	1.48950414289332132211465628
18.69	3.17268460648851019912838492	-0.84219300315149134039798272	1.64324732459937466555109099
18.72	3.13540624688023740380649117	-0.5215316679597628018134012	1.78466951234189472446912326
18.75	3.06679613264723928254418335	-0.20334473813883447281567449	1.91313240554091400120096834
18.78	2.96762618792112258152860537	0.1092217021587522929869077	2.02808211989698016397632491
18.81	2.8389591600348228711912603	0.4131110699146772815464508	2.12904981014060863929037378
18.84	2.68213759494889706629037235	0.7053862831805518981841946	2.21565178612459405768807826
18.87	2.4987692441447962850662136	0.98325773529588699143203717	2.28758918418880163056511031
18.9	2.2907103097994868711525321	1.24410692514712080061373425	2.34464725807608896791777828
18.93	2.0600482180253461270996901	1.4855068275943652810698598	2.38669435276300763652401802
18.96	1.80908350757513756944615456	1.70524205619935211103031583	2.41368062057144631826828355
18.99	1.54030878250803030889982017	1.90132978772082770799676191	2.42563653217870946295132821
19.02	1.25638419965461887318671393	2.07203895597895502631187014	2.42267122610068885843461671
19.05	0.96011188086783991694152964	2.21590506978200453437742156	2.4049707294408859010354462
19.08	0.65441162043794789195176934	2.33174131805084132855673748	2.37279607080082269222906552
19.11	0.34229683823771314852068594	2.41864862522809945683025518	2.32648129389727179843316476
19.14	0.02684764458476063707818749	2.47602529252881850069119169	2.26643136830037247409259254
19.17	-0.28881970603628327092927794	2.50357407919591863801408021	2.19311998244652316837121046
19.2	-0.60158404884144700892402625	2.50130510169145696880120081	2.1070871942972545913693615
19.23	-0.90834840360394023595224784	2.46953558181487813816379929	2.00893690724509337771773093
19.26	-1.20606760018830549195706752	2.40888814755777499610860179	1.89933413355030834772838254
19.29	-1.49177722906820934565786734	2.32028730443437407427521661	1.77900200505401192721733327
19.32	-1.76262494399437742098847115	2.20495208944630985034315442	1.64871849134674649439391925
19.35	-2.01590205326852413111067133	2.06438408253944292130669293	1.50931278902549165610737023
19.38	-2.24907269474329010038408797	1.9003522117931067435304682	1.36166135204105083011518896
19.41	-2.45980003908070811899210563	1.71487610344745373280020048	1.206683542162943947997874769
19.44	-2.64597099955305555090534894	1.51020773378143270462365067	1.045336889863570184701257668
19.47	-2.80572054726456489232923279	1.28880945246068034486827231	0.878611968908191472066627437
19.5	-2.93745474496236482378746376	1.05332726134952576657701924	0.707526901983911163692685438
19.53	-3.0398705231343574000936353	0.80656065499797789337810968	0.53312152908384675196110115
19.56	-3.11197113991829515253487664	0.55143153272272827226492363	0.356451284318390890620230648
19.59	-3.15307785597641777858118277	0.29095330585968221833618019	0.1785808395954977318453582
19.62	-3.16283870747100115390878654	0.02819901259306345507892141	0.000577584489178161924552798
19.65	-3.14123418592180317786763526	-0.23373325241754057509549245	-0.176494980011581400281537186
19.68	-3.08857869564114240134563228	-0.49175734819789750261897823	-0.351583850788319949220812755
19.71	-3.00551712139201975789077995	-0.74283608547617516752050333	-0.523653049723565536918728334
19.74	-2.89301712334776452927807634	-0.98401577756427833034690956	-0.691689984791428375481941954
19.77	-2.75235825821620565799439697	-1.21245811913421279285876872	-0.85471156586083469041837591
19.8	-2.58511811927088799698408127	-1.42547106143084238057243919	-1.011770003666606517878553954
19.83	-2.39315463400503420846730101	-1.62053980753533356775423464	-1.161958230731536369726748161
19.86	-2.1785839917000834863039184	-1.79535675897886203562359949	-1.304414895392950248421913426
19.89	-1.94375521271545137858508989	-1.94784791200186369641393369	-1.438328893813346047956992853
19.92	-1.69122326271288972969176031	-2.07619441415790633919549179	-1.562943419190733804132832408
19.95	-1.4237215754350542478969998	-2.17885034971479269966358575	-1.677559521572102529560625485
19.98	-1.14413296107122727971363673	-2.25455857284785965685325514	-1.781539184987775631826442226
20.01	-0.85545753969154289942825492	-2.30236474664086793454200641	-1.874307940413847387954318781
20.04	-0.56077828745113104811841245	-2.32162784567620395563901637	-1.955357042790552492169962871
20.07	-0.26322680193116962863661635	-2.31202572998051484199504005	-2.024245247565213701888550566
20.1	0.0340487452881481178807195	-2.273556573882358198294392779	-2.08060022672683480032691315
20.13	0.32791440100927778280399773	-2.20653800432736987235789283	-2.124119665948072813287751399
20.16	0.61528248925560334367677216	-2.11160425349860352247678291	-2.154572083294935543858369916
20.19	0.89314541628971717725514891	-1.98969969771678008797256029	-2.171797406194488958899814674
20.22	1.158608485846914231603752	-1.84206785006723259381478337	-2.175707337283836898571411676
20.25	1.40891899633376454414115472	-1.67023735870325686404997387	-2.166285531825870999261660297
20.28	1.64149227330695312723576677	-1.47600699192945637766506984	-2.143587600080534078813544785
20.31	1.85393738941728552916899303	-1.26142900248545169370814704	-2.107740937936878489075335621
20.34	2.04408331252135281571049248	-1.02878848512696333165265964	-2.058944378847658264970292907
20.37	2.2100031727544722495661296	-0.78057826490667450691771098	-1.997467650278789758896543438
20.4	2.35003448300120735551466195	-0.51947183667738254183993601	-1.923650609085721512118426222
20.43	2.462795820814885632793217648	-0.24829663409603636560689315	-1.83790222300679494075015992
20.46	2.547201709875658921716107388	0.02999321644105551935113719	-1.740699260297885646957575076
20.49	2.60247585457700792048233136	0.31234722493105447832632994	-1.632584646805335209159615657
20.52	2.62816108741134971186293338	0.59565263938104000710915305	-1.514165449750661535577357814
20.55	2.62412483382557825727795975	0.87677004546420942694939962	-1.386110450310986487107368832
20.58	2.59056070336252357988993057	1.15256776382438514087988208	-1.249147272705847653620894758
20.61	2.52798741797537447385608046	1.41995470560298207866901085	-1.104059045772093627716611591
20.64	2.43724498002235386450652655	1.67591346826329875560591889	-0.951680583599124985035808583
20.67	2.31948664487508575912209223	1.91753490082806657454872344	-0.792894084239603701347079981
20.7	2.17616577090815909422760969	2.14205299702753519726925471	-0.628624359215902789864781456
20.73	2.00901844337754496826491441	2.34687760517127305493224242	-0.459833620825994897126624895
20.76	1.82004368186256549422207894	2.52962349129510765304329228	-0.287515868372945746689784579
20.79	1.61148190382604733749277156	2.68813634392512073582109038	-0.112690927644034304977002331
20.82	1.38579050671821612892186459	2.82051699376123736170402821	0.063601790475184491429043731
20.85	1.14561522201318322140851208	2.92514386071797179689468535	0.240309737095973067669310487
20.88	0.89375772498692653492462894	3.0006921222760720180928198	0.416373796518711435808467357
20.91	0.6331418472289049742213315	3.04614814646377795567912792	0.59073489663902168050602397
20.94	0.36678046354733066428150778	3.06081920150546500761978177	0.762340573786489268753060962
20.97	0.0977429427831905440586703	3.04433954662532039815629306	0.930151410685296720202154627
21.	-0.17087855521818984916970594	2.99667352215957035526741405	1.093147272865959987598915169
21.03	-0.43600476315745473341892641	2.91811500509955262756196163	1.250333278287282167806362542
21.06	-0.69460533717308200791613535	2.80928232838754469944863095	1.40074544661377230328537316
21.09	-0.943732415172475539011675	2.67110892805701893634129522	1.54345598788313498087376011
21.12	-1.18055046775836636772371752	2.50483110948830271346978596	1.67757820446101218941515175
21.15	-1.40236385527620032345585983	2.31197387297603663621501517	1.80227099445431230950178225
21.18	-1.60664415138825739616311636	2.09433419948842508379194495	1.9167429583921206343335784
21.21	-1.79105714549697876808231832	1.8539606764442359513165197	2.02025612329173063441555
21.24	-1.95348709870387383081247157	1.59312985378972978339833083	2.11212930860562542670615208
21.27	-2.09205628005922992477927373	1.31432151336555910770593663	2.19174116651203291229828629
21.3	-2.20514061051168269201778609	1.02019452304399864792533819	2.25853293422550404605779315
21.33	-2.29138383350949251844488055	0.7135623054671565526239372	2.31201093827429270443907564
21.36	-2.34971090293188142487756361	0.39736554424611201706464233	2.35174888998152456594255389
21.39	-2.37933864104215977202023715	0.07464188228845703802263214	2.37739000781020777114637767
21.42	-2.3797819790311574019307048	-0.2515044483529748179311879	2.38864899604023880570648847
21.45	-2.35085687737342688459995928	-0.57793039779737400270912496	2.38531390081480595356377999
21.48	-2.29268208578307873059778278	-0.90148037109895807799429841	2.36724785440499885773256382
21.51	-2.20567957436071285572281664	-1.21901428221403650727939115	2.33439070715898159342544881
21.54	-2.0905713978613586196997187	-1.52743819900950038047076459	2.28676053464858124691181915
21.57	-1.948372238224847331470936	-1.82373474472412834647628863	2.22445499565724273324195685
21.6	-1.78037967508043731538945478	-2.10499051783611175457123208	2.14765250553006945852867487
21.63	-1.58816410097576154885447567	-2.36842111424116641793503623	2.05661317966697527435633716
21.66	-1.37355725495023886950139626	-2.61139624601656312964951518	1.95167949416919075438345103
21.69	-1.13863674521960861952884479	-2.83146579226706076834712681	1.83327660535114070649016332
21.72	-0.88570588668250607878699496	-3.02638500425571058652136353	1.70191226739786264103326636
21.75	-0.61727113828245992774925603	-3.19413681679650591700624148	1.55817628814118628784465834
21.78	-0.33601964801018491514970383	-3.33295115874522525486687445	1.40273946684796507150153494
21.81	-0.04479670410934486399832566	-3.44132255460819204627015647	1.23635196499173184702378074
21.84	0.25341938403795712201876627	-3.51802655873849549322877192	1.05984107096866254924459171
21.87	0.55554656821058033099400138	-3.56213393916476016612183449	0.87410833219905193145692849
21.9	0.85843111603473372931173615	-3.57302121938063646795550952	0.6801260424465963384621598
21.93	1.158879398403909204869458	-3.55037749880847514407003793	0.47893308777622224308817951
21.96	1.453687850590900576144152	-3.49420862372604629072996526	0.27163017054700292398031997
21.99	1.73967236256944811026455392	-3.4048392749969267886572498	0.059374446339146074164027691
22.02	2.01369928301078410643652316	-3.28291206494059259139037427	-0.156626377116186893920614042
22.05	2.27271827909388318156034305	-3.12938228922121761974885131	-0.37512041790133449347214676
22.08	2.51379474722622591538673831	-2.9455083394180034532662268	-0.59481840446259204113349661
22.11	2.73413919034437016100710862	-2.73283943359199394185030199	-0.81440079059705237334853346
22.14	2.9311332084243973780187768	-2.49320220935466537394720615	-1.03252512258775548473347663
22.17	3.1023539140190471776597624	-2.22868580905220507307395877	-1.24783358188003459610345772
22.2	3.2455982835935267852631464	-1.94162361288590215309174656	-1.4589606320752108736939953
22.23	3.3589066921846954527166123	-1.63457071294678688913035996	-1.66454070775673808197226484
22.26	3.4405834106918478933206772	-1.31027876803976362802896165	-1.86321589420141270195337554
22.29	3.48921291723058086444131981	-0.97167110203816051890323932	-2.05364356062879479890148796
22.32	3.50367315305549347646919408	-0.6218191034957913490232879	-2.23450392443392539003967992
22.35	3.4831475452531630794019923	-0.2639179691652117103376957	-2.40450753887341918383037504
22.38	3.4271359238375229274739856	0.09874081706247159639379648	-2.56240271094058407031307425
22.41	3.33546266125048657899153944	0.46280006481303623987608758	-2.70698286869734102462463755
22.44	3.2082809632435687522606005	0.82486717431325354630213851	-2.8370939072233612968527134
22.47	3.0460745430369192924975648	1.18154134752552533857150561	-2.95164154880231043185802573
22.5	2.8496586308222655307591589	1.52943890888518722578910291	-3.04959875534772195656495879
22.53	2.620180016557665086889558	1.86522056436113151367906863	-3.13001322891352069432491715
22.56	2.3591136001803228506402028	2.1856221048988739707477449	-3.19201502917657998471924735
22.59	2.0682543312972492304916168	2.4874855698172229201483306	-3.23482432498003338132266089
22.62	1.74970697440262395787915335	2.7677872553676601438210095	-3.2577592805736753072315938
22.65	1.40587650836458562598588341	3.0236631126949428405703222	-3.2602440564999010430350638
22.68	1.03945787448972690631659749	3.2524351665413937766230959	-3.241816880795766880535848
22.71	0.65342080767119972101253292	3.4516403337424194109035703	-3.2021381191763663681189716
22.74	0.25098821007268209445547068	3.6190589761885460724198784	-3.1409982441934840726612132
22.77	-0.16438857495596861052340568	3.7527404703240030535414501	-3.0583255742610775579293554
22.8	-0.5890539212316990217279574	3.8510264981677220985969725	-2.9541936252775730573057179
22.83	-1.01917249364702717651642692	3.9125743090724460981555233	-2.82882789181767693994675557
22.86	-1.4507585922952496712556678	3.9363798531854445836637667	-2.68261185301181509143490869
22.89	-1.8797125087420131990396031	3.9217981266951090356834186	-2.51609198174652208009074326
22.92	-2.3018614470970931446272774	3.868558884944755629891478	-2.3299815260656146894088472
22.95	-2.7130009785863504789325026	3.7767787234797407386073992	-2.12516282980651737404036844
22.98	-3.1089359417105279582549895	3.646971382320296910123998	-1.90268796648095569472600497
23.01	-3.4855232371966609902218071	3.4800557896217235798494975	-1.66377747677771275056953252
23.04	-3.838718944214559445023135	3.2773588639415511607077347	-1.40981702599834092647027503
23.07	-4.1646289062262793161495003	3.0406107358399199259005619	-1.1423518329579254363402969
23.1	-4.4595592887949513674116655	2.7719332474493594831544541	-0.86307876564559446625638994
23.13	-4.7200643510571155251211512	2.4738245800993434112731121	-0.5738360500328070457625365
23.16	-4.9429915076621382189827705	2.1491412355851441279709051	-0.27659059520314160498358497
23.19	-5.1255252371778577096317259	1.8010752348108848297854801	0.02657700154398825917086048
23.22	-5.2652299836877007917641711	1.4331233563854226118090288	0.33348964405743073647695141
23.25	-5.3600898188510240920660837	1.0490480334577979743432874	0.64189293469083744905786348
23.28	-5.408542144990775425025319	0.6528332498299603902948213	0.94947613568288023643964624
23.31	-5.409504549523931175548002	0.24863929315189567623562753	1.25389459884115167105879089
23.34	-5.3623957377488112447566877	-0.1592430815018047602841666	1.55279332387248528125873064
23.37	-5.2671511483091483024068056	-0.5664418825911870860242621	1.8438312712893253022552871
23.4	-5.1242320638894329225567672	-0.9685587364958788408922375	2.12470603219059616255208583
23.43	-4.9346263391569091382980676	-1.3612274863596058964787772	2.39317844511105124239949993
23.46	-4.6998404554277202712340742	-1.7401715597753738862007357	2.6470967497606967672363465
23.49	-4.4218846378019635589175938	-2.1012566457992379387520303	2.8844198785099664484270617
23.52	-4.1032526036738589871047603	-2.4405397407902500484217266	3.1032395081013313644708446
23.55	-3.7468952359580894068449139	-2.7543179402951847139945164	3.3018005250476824035802208
23.58	-3.3561861848136566393105151	-3.0391776824082300402509426	3.4785195969458340948635274
23.61	-2.9348793982888264945764833	-3.2920406385381048310104855	3.6320015866983268042267329
23.64	-2.4870619271136888508610416	-3.5102016877951437425265424	3.7610535954923188116766501
23.67	-2.0171056558604907344912224	-3.6913585514518980056778922	3.8646964714193756148870444
23.7	-1.5296177936779637057300575	-3.833636607848501900855927	3.9421736720183228016214924
23.73	-1.0293866528950669538442077	-3.9356111099137714611976755	3.9929574191509274517362369
23.76	-0.52132141302832418225045826	-3.9963243946883961112988207	4.0167521320932498489836563
23.79	-0.0103901694402497244008424	-4.0152943517672773193317843	4.0134951684580842216336154
23.82	0.49843791813534265762948119	-3.9925143958731850872322403	3.9833549417930173266164773
23.85	1.0002458409253503816451258	-3.9284485903118749616806854	3.9267265189874052566429255
23.88	1.4902220044507327986359449	-3.8240233783378458866881069	3.8442248298414415608486135
23.91	1.9637162013196040353361717	-3.6806132572630955658026165	3.7366756454449052309836264
23.94	2.4162945776920998570224596	-3.5000182858859225784636792	3.6051045017460136249851237
23.97	2.8437878845014904249689429	-3.2844357658345583413634435	3.4507237603836074152039726
24.	3.2423319282022617536368748	-3.0364300369353287710308307	3.2749180111185606956408293
24.03	3.6084038420707330684697693	-2.758900745845441535788779	3.0792280296603116905162993
24.06	3.9388569217638909631042255	-2.4550464065393114879075627	2.8653335119197733766626125
24.09	4.2309523940256006538810351	-2.1283215371115305907868498	2.6350348112010015861483805
24.12	4.482384463658225149928917	-1.7823901624848808752754045	2.39023390888884961913728883
24.15	4.6912972681361031268055266	-1.421080191104423758578881	2.13291485193629638674854816
24.18	4.8562955571555637575930901	-1.0483400393892470561254077	1.86512389185280419974938032
24.21	4.9764512501560459727548652	-0.6681948377470485016260401	1.58894955971752613122895871
24.24	5.0513057730250404819791688	-0.28469944017752089534933179	1.30650290961778735150791104
24.27	5.0808664514102508530825951	0.09811071717628862175828994	1.01989815837775080281454433
24.3	5.0655961592851128609457194	0.4762666386411621395326436	0.73123394199379507013443842
24.33	5.006397461880975642014504	0.8459074385638277772771054	0.44257539836451119525923549
24.36	4.9045930448406671168206529	1.2033174350744019543942636	0.15593727132842237760757665
24.39	4.7619027937431537827626271	1.544961891039631748292162	-0.12673178750154104328489859
24.42	4.5804165314630191394582115	1.8675229105333420257574727	-0.40356356508284039174967671
24.45	4.362562026694775652241234	2.1679332559759813284777978	-0.67278315359936346046319578
24.48	4.111069789804889661653513	2.4434043673723007276487772	-0.9327202389064200529333336
24.51	3.8289369653957801887526832	2.6914472543644023680414667	-1.18181874403955209393041852
24.54	3.5193911762581022739614675	2.9098884611483347993654862	-1.41864479436962503352199576
24.57	3.1858531350155998287257987	3.0968840994448758317688294	-1.64189300471471419195372302
24.6	2.8318967917147697437796148	3.2509323463001200224368915	-1.85039112169506709050517901
24.63	2.4612080332158484680110683	3.3708819828876727158620761	-2.04310308565912642408073275
24.66	2.0775449000557413913576917	3.4559347875435182664926678	-2.21913060449946490209679162
24.69	1.6847013730821778453149629	3.5056425213623983551304192	-2.37771335563401493834176774
24.72	1.2864736981452271946286712	3.5199013613400093133850961	-2.51822795155704235982978038
24.75	0.88662647365313110243461391	3.4989455121330926150945788	-2.64018581810515590418587224
24.78	0.48885761779977914460328204	3.4433389200920618118100161	-2.74323014263260498945270573
24.81	0.0967648601573565934155972	3.3539631413382930826462708	-2.82713205160765964384055587
24.84	-0.28618279939220320404870318	3.2320015651481499936387888	-2.89178617394305756314787012
24.87	-0.65666858500217851031989035	3.0789223916400394970233767	-2.93720573810440191100185366
24.9	-1.01155000454668234171296148	2.8964618437897529704209964	-2.96351733834358350172647481
24.93	-1.34788234501138299299879755	2.6866062324622550444253246	-2.97095548907719793300418545
24.96	-1.6629419701814738683464008	2.45157091973733647067331	-2.95985706737939097188327016
24.99	-1.95424538044920056971741668	2.19377707813579605983065202	-2.93065572275492598720865321
25.02	-2.21956300618755737734768331	1.91582921484379387923404126	-2.88387631179123570822926746
25.05	-2.45693101124867495524667465	1.62049418811295690095299019	-2.82012939392636977460344235
25.08	-2.66466408502908926194445508	1.31067884500515301107381847	-2.7401058043245489712667569
25.11	-2.8413680730242486019342268	0.98940387885594123604230253	-2.64457130154579902533760338
25.14	-2.98594929370349715891135917	0.65977562300783680689053688	-2.5343612720398141961078272
25.17	-3.09761980971781355314294116	0.32495944002487631645960808	-2.41037546105977446586002035
25.2	-3.17590075301614347591827538	-0.0118445654773644570579856	-2.2735726907990434535405221
25.23	-3.22062520663822027191724577	-0.34742652412579885543106943	-2.12496552165598321309628987
25.26	-3.2319395372208154627636999	-0.67859516190031950779549522	-1.9656148116082252642127317
25.29	-3.21030126251849356148887342	-1.00220851003478321346060037	-1.79662413162801215867699205
25.32	-3.15647332520922216923585252	-1.31520353781934192752286372	-1.61913400161899849339788497
25.35	-3.07151629630469269540349578	-1.61462285169942741820460619	-1.43431592105938712577196403
25.38	-2.95677933215334199825753992	-1.89763987758542313524236498	-1.24336618080298280747213822
25.41	-2.81388873831730376006982895	-2.16158499626181958993620486	-1.04749945659884627633810634
25.44	-2.64473244686301977352573212	-2.40397297446613463299457426	-0.84794220002785310982070209
25.47	-2.45144038449850590694727796	-2.62252941653758110592628871	-0.64592585785210963780715792
25.5	-2.23636256711605344293505552	-2.81521377078874959522167825	-0.44267996535273511502224974
25.53	-2.00204651808002210577413306	-2.98023857649886699774781014	-0.239425172253427905889980609
25.56	-1.75121353692730722271710193	-3.11608649858524975750958062	-0.037366270538826275128010872
25.59	-1.48673195400695442660039289	-3.22152627691783425616182959	0.162314698742814296471539652
25.62	-1.2115865753160001211643506	-3.29562679225347198053262475	0.35846517820438688294973997
25.65	-0.92884595816453547101688291	-3.33776739801261712751714482	0.54996858411957090979637756
25.68	-0.6416301990086448712260886	-3.34764362602758845400982985	0.73575047435387602768975474
25.71	-0.35308031090916551074586451	-3.32526906870201989092709159	0.91478432129039612132779674
25.74	-0.06632779668515432717343239	-3.27097466546876725375327756	1.08609682634061288165731208
25.77	0.21553746845271936074027943	-3.18540546051401034788453101	1.24877272472552819322080613
25.8	0.48950079690413897713665478	-3.06951379666849570383752533	1.40195904318588951984365452
25.83	0.75265507772434955489875066	-2.92454836193829693385451601	1.54486878835206382762305391
25.86	1.00222955553945386255715376	-2.75203996005809762911485662	1.67678405885362165396580495
25.89	1.23561518932491178820812927	-2.5537854174781652666728145	1.79705858906595302737245705
25.92	1.45038888528558331580961704	-2.3318298657943780049171493	1.90511974592462398066659552
25.95	1.6443380069327102198186577	-2.0884462590288797775662199	2.00047001183565255223265507
25.98	1.81548372572229583827778077	-1.82611141262890710833037934	2.08268799585142923187785013
26.01	1.9621004683169437784269273	-1.54747983911044514479663328	2.15142902160193740887351573
26.04	2.08273064727375743662228921	-1.25535761928690967647600081	2.2064253437695705178474412
26.07	2.17619665357585009418640873	-0.95267681973372555908056503	2.24748604514112653149204575
26.1	2.24161213081630462661802032	-0.64246846091572661244258337	2.27449666359064391070189672
26.13	2.27839181673161848678750319	-0.32783225614978179112516802	2.2874185930152331318145495
26.16	2.2862575700944369905852007	-0.01190447966904724507914367	2.28628829466161206818822031
26.19	2.26523998621419398921047695	0.30217272875294041218922898	2.27121634594308698855791899
26.22	2.21567753577305650090690318	0.61127954800540187362374453	2.2423863433287508802206277
26.25	2.13821457529740778881156842	0.91234666819898703106448466	2.20005366480852839644518439
26.28	2.03379683930861082409386127	1.20238596324293956143074783	2.14454408643751265071395908
26.31	1.90366246298261165958101145	1.47852249697516690346849981	2.07625223716962541466465103
26.34	1.74932909151639770265337871	1.73802455330471228552944451	1.99563986719669458752510175
26.37	1.57257936248960507481076006	1.97833035699616699531733818	1.90323389784558921901469606
26.4	1.37544540769951290915687486	2.19707320548571219007709489	1.79962421619842612698966981
26.43	1.16019040946255633373864485	2.39210686323350330607286638	1.68546117532699011503416276
26.46	0.92928535501578525479013444	2.56153059672392506802149825	1.56145276158418935416897074
26.49	0.68538183220310041602092013	2.70371159909623114671666934	1.42836139384365007163052214
26.52	0.43128350433476401723820469	2.81730354128088868097018395	1.287000325844459112724975825
26.55	0.16991761895180185264559268	2.90126189265291465574174809	1.138229631649901769100357264
26.58	-0.09569473189991676976936353	2.95485701292691600579740692	0.982951765287516421941267689
26.61	-0.36247161193297700012382805	2.97768468481127614064199212	0.82210669838966911710107224
26.64	-0.62730648833635489535555091	2.96967269531818444370696856	0.656666653474531501089680444
26.67	-0.88710532541194199585745184	2.93108265447746238304715437	0.487630464691810631992109178
26.7	-1.13882206130202742504496341	2.86250762536367547756750419	0.316017611658556484964068158
26.73	-1.3794921934510997478403573	2.76486652774924207176202371	0.142861984681568441339024513
26.76	-1.60626604203763007472557033	2.63939523818419064104084838	-0.030794549495452779797418192
26.79	-1.81644270154838550176153991	2.48763329138228121812020987	-0.203908703878575715588558563
26.82	-2.00750348274208110381315642	2.3114055668597414541982061	-0.375442366315502185280449407
26.85	-2.17714236254092109591160258	2.11279992666257531350324552	-0.544369148207457354556049604
26.88	-2.32329201071480089664188081	1.89414259305979636818238405	-0.709680802659926367412409537
26.91	-2.44414607264020097863171815	1.65797205282428695295044734	-0.870393432291772826559662791
26.94	-2.53817916605772380469176492	1.40701058674940662554234267	-1.025553414366673929111973965
26.97	-2.60416476797841348339120016	1.14413226362931789682899227	-1.174242980974046279562155456
27.	-2.6411895225457766285000297	0.87232794936561670960980185	-1.315585404100990468384119719
27.03	-2.64866253265491089124955754	0.59466969487932595494522847	-1.448749748929544052942382973
27.06	-2.62631985133546619957914029	0.3142765575031629049422276	-1.572955172830687991640905811
27.09	-2.57422562033292041583240398	0.03428161972476681567150712	-1.687474761558716837695934792
27.12	-2.49277063740305076214223532	-0.24220170049998040125871932	-1.791638907356731261582531491
27.15	-2.38266755647725608911665142	-0.51211489256700836046301531	-1.884838245415916985987908599
27.18	-2.2449416678841065532962428	-0.77248929616138803964114425	-1.966526174841251720325963248
27.21	-2.08091777287611807648498039	-1.02047785702283113041405357	-2.036220997546612096774350222
27.24	-1.89220494022522379133435492	-1.25338296022001436912647827	-2.09350771306053932463321786
27.27	-1.68067991986239134105285974	-1.46868246056116104604633069	-2.13803950895041156955981602
27.3	-1.44846786874998325785214184	-1.66405592550262290525034328	-2.16953898549931182558215682
27.33	-1.19791898144075752830808422	-1.83741008098266543475248481	-2.18779914957164072114628351
27.36	-0.93158217476169589430905326	-1.98690058111228036031724229	-2.1926842065848121633522619
27.39	-0.65217863365468031531181698	-2.11094913217715160899394943	-2.18413017157993217514352148
27.42	-0.36257600717286930888328119	-2.20825794465309988749746551	-2.16214531105741205996075786
27.45	-0.06576089071284658720196259	-2.27782324897371713091634247	-2.12681041708148305390234074
27.48	0.2351924744459285209904019	-2.31894679517736606342726534	-2.07827890476664680569860127
27.51	0.53715583721640576422699498	-2.33124320393666891269995709	-2.01677671425738277822048451
27.54	0.83697958671819277932359887	-2.31464310978270576361892096	-1.94260198930323757330934647
27.57	1.13152332478730495933183665	-2.26939387480794372035681878	-1.85612449707621864363241876
27.6	1.41768642008704654595299298	-2.19605857236862654824087152	-1.75778474846944677905615342
27.63	1.69244059736987346614462131	-2.09551173444719565351686877	-1.64809277515515300403959562
27.66	1.95286379271611435712402138	-1.96893028701129808404711489	-1.52762651944996192189724364
27.69	2.19617257083347898901661343	-1.81778025394172175143935934	-1.39702979568406025473932069
27.72	2.41975146484935844540250881	-1.64380125311351037033748473	-1.25700978729655106986981681
27.75	2.62117996818259748980229457	-1.4489896496373410081673372	-1.10833405212276373511434932
27.78	2.79825866382028165156967088	-1.2355789992757324474983148	-0.95182701898407005900525615
27.81	2.94903450976257802823670637	-1.00601598409927845558006188	-0.78836597127270019263469028
27.84	3.07182363742009972651816834	-0.76293204721370171114717768	-0.61887652715050746337844485
27.87	3.16523011512733093576851774	-0.50911305151779288012519735	-0.444327640559139464826676747
27.9	3.22816063594923755668779653	-0.24746905539786202194457691	-0.265726161714485906376877588
27.93	3.25983607417568394513499307	0.01899598889746041036703689	-0.084111009356332709480229824
27.96	3.25980025790362500944115099	0.28721646399025328458852703	0.099452981001271150895727114
27.99	3.22792510983832210225481461	0.55410015792317857037704887	0.283881458892806609935969895
28.02	3.16441117175111466814162895	0.81656458602203745185758491	0.46807713003514327834918086
28.05	3.06978368072114313372820845	1.07157173128560893591060205	0.65093641241285401015666724
28.08	2.94488535782346266393414801	1.3161598073268414396436536	0.83135609280619373493551306
28.11	2.79086662995771565713427364	1.54747314679124406562883303	1.00823990256347573720283983
28.14	2.60917270157467316668005925	1.76279206426893058882347612	1.18050493800168495329475324
28.17	2.4015265070158798198718907	1.95956273582710841735078367	1.34708786029785003070699452
28.2	2.16990785479873206989791078	2.13542491963184695874783949	1.5069508215720592342550261
28.23	1.91653061572364223227874492	2.28823533914892357493064747	1.65908707739736903597467314
28.26	1.64381960494419254287585621	2.41608680727751579823189421	1.80252626045393095809944165
28.29	1.35438682831616537831891743	2.51732505964345469234029842	1.93633930468737067954434409
28.32	1.05100532098280062742915535	2.59056458961126378038184685	2.05964302335489030629981774
28.35	0.73657992094790245231616765	2.63470246501311608503185746	2.17160435701698031049367402
28.38	0.414116968387058575777471	2.64892815426818229010745897	2.27144431821584479219190452
28.41	0.0866958119571251448163595	2.63272909089544038251653929	2.35844166774912788793210243
28.44	-0.24255741412172365356388258	2.58589382099005500989204411	2.43193636271414176287290393
28.47	-0.57049632957212765383816528	2.50851415911610836532561682	2.49133281863103635103885482
28.5	-0.89398341738172799797922839	2.40098534339916701367752316	2.53610302687852077760315089
28.53	-1.20992030156270297596645022	2.26400234545823995042931012	2.56578956447392106137003827
28.56	-1.51527557009540344329384671	2.09855276212796355014141502	2.58000852612924984628790518
28.59	-1.80710894645224598982989073	1.90590877070964524164212167	2.5784523988797985987942784
28.62	-2.082594500133019670917102	1.68761902130243566282013202	2.56089288789215506927157632
28.65	-2.33904558228189908974326656	1.44549814567566815824022612	2.52718368889211060280596973
28.68	-2.57394049039706464898898817	1.18161166664648381909688274	2.47726318866110152941847962
28.71	-2.78494580535814768207048271	0.8982576493690618485449015	2.41115706093225913289430421
28.74	-2.96993643349038429916944594	0.59794838015915520645570491	2.32898071149367281238433041
28.77	-3.12701421533497824400736033	0.28339285412457120827294411	2.23094151408709936991449962
28.8	-3.25452667500782766574398821	-0.04252270425778846022305587	2.11734076844347279177951328
28.83	-3.3510849848204008144680189	-0.37675897084896694399187412	1.98857530411629228995868155
28.86	-3.4155791540670523427545462	-0.71615146989468544677350331	1.84513864914769783502809506
28.89	-3.447189996687558880276364	-1.05743902432936170223122378	1.68762168138000318429282879
28.92	-3.4453991767704710886748072	-1.3972908073578237422947989	1.51671268259422339900066285
28.95	-3.4099981805122850517089578	-1.7323334547868474483302437	1.33319672161956571322487412
28.98	-3.3410951287411400927909695	-2.0591809650216522065235612	1.13795430192180974445720455
29.01	-3.2391175791642782988931368	-2.3744679651356095962226242	0.93195922155652257707179974
29.04	-3.1048109696234046860097718	-2.6748839838856717166815729	0.71627560819457325224402193
29.07	-2.9392342929080021573910227	-2.9572059386408158390340556	0.49205410846425786932582878
29.1	-2.7437545144264632211705869	-3.2183283644397563364834177	0.26052722825910748701081874
29.13	-2.5200391300112304973597471	-3.4552931807484246377450276	0.02300383801608163738274173
29.16	-2.2700446536727595165615168	-3.6653204929080365821766813	-0.21913712665333069018077924
29.19	-1.9959998289805926575835417	-3.8458396077441421428748219	-0.46445372407442188265481823
29.22	-1.70038504641940068986795	-3.9945178722987190606086183	-0.71144876855652064981223308
29.25	-1.3859107758608632258595767	-4.1092858434408388416786489	-0.95857822988267490809514385
29.28	-1.0554961208222406483219905	-4.1883594617641274769235697	-1.20426019965257292594355853
29.31	-0.7122456735967659478557932	-4.2302607666238692307316751	-1.44688435251059073747685281
29.34	-0.3594221008510497019094153	-4.2338373778687448349787364	-1.68482183248604743742615362
29.37	-0.00041441367666196739437477	-4.1982792666025955892041285	-1.91643550003297392254905077
29.4	0.36129502871986062831308948	-4.1231314386691887691774887	-2.14009048322632436717821322
29.43	0.7221616859445680514997254	-4.0083029314240978036382095	-2.35416498608525399501194004
29.46	1.0786083846638760765627315	-3.8540736471460778495569728	-2.5570613171279995011430509
29.49	1.4270564373416365290125065	-3.6610994470102701791829108	-2.7472171108966822505954394
29.52	1.7639605716347438520863593	-3.4304139895859806546881568	-2.9231167231760983429987437
29.55	2.0858459208065123099868245	-3.1634257853473615293935273	-3.0833027858646007431212385
29.58	2.3893430271663210578995271	-2.8619112753147776661997376	-3.2263879089490075800288954
29.61	2.6712192142826105812195195	-2.528006408942261488068347	-3.3510665139824047029727527
29.64	2.9284090041091965868380822	-2.1641974280493694971983578	-3.4561267752985473790158872
29.67	3.1580469506174285230683506	-1.7733081154866492304770731	-3.540462631645938208179681
29.7	3.3575022572750885940244415	-1.3584804671735853434326093	-3.6030858120461849497634956
29.73	3.5244111788852255172635454	-0.923149842629648109801561	-3.6431377958897738747971983
29.76	3.6567051361733385513558634	-0.47101891365009858787259542	-3.6599015993616807236914083
29.79	3.7526367921687820218050212	-0.0060321057549886545419918	-3.6528132493872693261151284
29.82	3.8108066110693705637068788	0.4676532676468598014845302	-3.6214727738951142171096241
29.85	3.8301883825469056638157654	0.9457036565227085101024793	-3.5656545050958721007692493
29.88	3.8101501138678662505422492	1.4236527787811952234721928	-3.4853164626980098438652139
29.91	3.7504695695323427258821	1.8969468076099313323129379	-3.3806085586938653462223594
29.94	3.6513469148400291511971367	2.3609884625467286701695028	-3.2518793467668438736903113
29.97	3.513415539576423631301026	2.8111825907952354020403202	-3.0996810296224014357388865
30.	3.3377483008125019774516831	3.2429870653037873228558978	-2.9247724385382739472716543