lambda	x	y	z
0.	2.175713172881684690464136498784	0	2.175713172881684690464136498784
0.03	2.16117769043122530305101053731	0.3065888724366728798954209192	2.168959238829234474102072581214
0.06	2.1177349287187866749376734293	0.6099676212362588158886308502	2.14873304954506686679675084177
0.09	2.0458751452154931663944020869	0.9069574749769990478426174715	2.115141373453020436402596029512
0.12	1.9464113602066400755848807305	1.1944448237488960777987915668	2.068361918402775518058418826304
0.15	1.8204705844460912250539987238	1.4694162204363466569061354962	2.008642953330291742821069899736
0.18	1.6694807783622567208827164854	1.7289911425154646474387368751	1.936302741637791826625366186275
0.21	1.4951559664760013117116906175	1.9704512251762908333989343191	1.851728752013243645792977822778
0.24	1.299480098225887674510134667	2.1912677945619002558338209786	1.755376606288079383144662318861
0.27	1.084687562320597108957995174	2.3891294908665871464778407586	1.647768720334468311103625317369
0.3	0.853238586414382400010087961	2.5619691494909439538027256248	1.529492593239696117151107479107
0.33	0.607790676624996962978095408	2.7079876029264088317827311193	1.401198702233697831819422603687
0.36	0.351168935903564440616565013	2.8256733025432511211681915655	1.263597966098477169006949461806
0.39	0.086336478616558198265396295	2.91381860155482414778786192733	1.117458747901605319325264247345
0.42	-0.183636605002185582329320479	2.9715336745025871800853234123	0.963603378551049661546009216756
0.45	-0.455607729972820497097501368	2.9982575461590478724172041381	0.802904195389421465772788679105
0.48	-0.726399355184871412975790399	2.9937647775241130673468123155	0.63627910421924273790550563399
0.51	-0.992836827788531897466298668	2.9581672219896170469421529902	0.464686688056095635748486032941
0.54	-1.251784140306699922928712017	2.891911708038776551943176941	0.289120900753392716138075835203
0.57	-1.500177730503720628476631512	2.795774628340987946271123371	0.110605397617324957373477397237
0.6	-1.735060141755942152477456532	2.670853123042004776180869043	-0.069812432554000847282521317797
0.63	-1.953614328958745675343213158	2.518551644351787095470557647	-0.251067659627595882194065958406
0.66	-2.153196965635163381402119254	2.340563555645327062287074286	-0.432084147119838430011088140175
0.69	-2.331368147565335145619238988	2.138849173049154094814468634	-0.611780945028601355432902311209
0.72	-2.485916456794090088971520344	1.915612161358123873239205313	-0.789078655532019287216096378039
0.75	-2.614880568433322319728446081	1.673274711464093581607043088	-0.962905690199676957526301514384
0.78	-2.716568930060181547837254396	1.414450193435748048782290956	-1.132204344427813731628687180336
0.81	-2.789577313637288934138269343	1.141912243106344284314268735	-1.295936624927152289710727649471
0.84	-2.8328024921752615043373169607	0.858561451626422093293499034	-1.453089778701487350249541446799
0.87	-2.8454508700152638473923637605	0.567392444701599241665532389	-1.60268148636462785985746516337
0.9	-2.8270428628023937943245072749	0.271463042203072573752482994	-1.74376469807088803333421998368
0.93	-2.7774147137488594372319263034	-0.026135588081049966428901273	-1.87543210595754546259130734499
0.96	-2.6967181865419989573238348905	-0.322310055099158066241566706	-1.9968202620017091003224921009
0.99	-2.5854169665255341493934532661	-0.613997380684849510767550724	-2.10711336381676081894917482746
1.02	-2.4442789710197487667382092592	-0.898196428288526601002656666	-2.20554674248439244070264714646
1.05	-2.274365767759644171694674047	-1.171995323848071909653580445	-2.29141009548901913352313679243
1.08	-2.077021066857059462015446609	-1.432595312478162428869976918	-2.36405051378785820060744799045
1.11	-1.853858345062203675395617321	-1.677334118720831178345279348	-2.42287535476480447246061743068
1.14	-1.606745598546527432345959414	-1.903710364416886722613629539	-2.46735501219287430424953964195
1.17	-1.337786333596620249375990321	-2.109406851100775574812623803	-2.49702563043948447039105506088
1.2	-1.049299097934520121226791156	-2.292309720082428085130669885	-2.51149180321040787407323267815
1.23	-0.743798373513491280619941054	-2.4505238230567862875308697958	-2.51042928749506350634665026583
1.26	-0.423976114628298077650260317	-2.5823872450656915631140568418	-2.49358775151699728194211346157
1.29	-0.092680465214771797887704628	-2.6864861197013692373138289638	-2.46079356197330442309267431818
1.32	0.247109585526307260791968628	-2.7616676537600237580742550495	-2.41195260130163310579936326678
1.35	0.592310633710025778089668369	-2.8070494873481217335697723158	-2.34705309082628658781272735229
1.38	0.939759102385334498088879181	-2.822026454294043144300927108	-2.26616838110817283389849429034
1.41	1.286233942693156357554690171	-2.806276811940119678136023659	-2.16945965734943114029727005109
1.44	1.62848121969476427171647056	-2.759767731962723788058096973	-2.05717849593424272923752339292
1.47	1.963242217927631773158712855	-2.682757839501206194984734099	-1.92966919870175000863454407017
1.5	2.287282990673677616954437967	-2.575795766444488546899700543	-1.78737082481998382189769598974
1.53	2.597422283373084078229779391	-2.439716324612939170609205365	-1.63081883650177991765553937955
1.56	2.890557282695983521106698011	-2.275636332185121183941457517	-1.46064627445510571108536021595
1.59	3.163689274354067576835613555	-2.08494971082409370687585121	-1.27758438189130069267367585119
1.62	3.413950981987906267534179129	-1.869319328419891596712802207	-1.08246260193503777481960010869
1.65	3.638634841504325161049994799	-1.630663996408147050070915242	-0.87620788200875152268483580724
1.68	3.835219889390569297188146931	-1.371142023908732461082986438	-0.65984322964471395030136511013
1.71	4.001395963057897207194347017	-1.093134198514198769393213148	-0.43448547650377845855248871477
1.74	4.135085993314771813186275881	-0.799227186767066063865921593	-0.20134222033735165967391653717
1.77	4.2344677532686631019252973446	-0.492195281295097943847789739	0.038292072649416244985331213623
1.8	4.2979950251640986211695401854	-0.174977805209004082757665819	0.28304081094901538251021214729
1.83	4.3244167052590213535624223021	0.149347823880379675357941826	0.5314508625846949378532492278
1.86	4.3127927139180578947649763932	0.477594372329956132741092612	0.78199897055871572758963997648
1.89	4.262507177414314604826553801	0.806491581071474502944796849	1.03309898355914826903880983594
1.92	4.173280069993484615162546091	1.132711870001679740842900077	1.28310988538998465404947894676
1.95	4.045177385019958381580263252	1.452897988634839574306848468	1.53034460839043628779179994746
1.98	3.878618435348460228640033462	1.763694593724287530789346004	1.77307962044047190596509544259
2.01	3.674379155840490730901861779	2.061782126092327471621478957	2.0095652812457645987856269506
2.04	3.433592193278985440396784915	2.343909366562380020179686221	2.2380369704009183239016762555
2.07	3.157745680227972090224149921	2.606923085234343326154622041	2.45672699594738230798505138
2.1	2.848681123989347472257606585	2.847796950116772754422792261	2.6638772963005759020682819691
2.13	2.508588283579490716188828138	3.063662854939975247693475936	2.8577529489622455708003954869
2.16	2.139994608190149697003708727	3.251844782569712556584448065	3.0366564948188463979537986122
2.19	1.745749715241961662030783942	3.409891938135373435316710341	3.1989430756462646668737157926
2.22	1.329008128808503918249117141	3.535608447306309915286685977	3.3430363635400122000635242861
2.25	0.893212114420851382427472677	3.62708071924440037232479099	3.4674452335888259294468346897
2.28	0.44207191514920335615199036	3.682705483949482342500056565	3.5707810949238120337910732512
2.31	-0.020461212330508311574187677	3.7012187502058531777996653278	3.6517757506216912872204752928
2.34	-0.490229782584944887146691144	3.681722322797522930485911204	3.7092996048237597475384831311
2.37	-0.962908121919571079702467058	3.623705393876545213644955907	3.7423799775999263389393169474
2.4	-1.434039924735345608838021478	3.527062767274370350891437797	3.7502192270464768750350497967
2.43	-1.899077726982060260542135855	3.392111999096611244281091317	3.7322123170864271877817001839
2.46	-2.353429621498828975919918596	3.219607631636184587127345329	3.6879634122972585432192667329
2.49	-2.792513986758728838097548213	3.010748125488700652806309175	3.6173010321381453677747483806
2.52	-3.211817257290659331772633565	2.767174371901590531096180285	3.52029126073033322386459559
2.55	-3.606950345148753146886481568	2.490963024927670698967178188	3.3972484893321811985407956881
2.58	-3.973704498059360260015842577	2.184616768781780172220960036	3.2487431708968436535893388445
2.61	-4.308109673761763574757181675	1.851048589788762649221765376	3.0756060928602615822646726705
2.64	-4.606495344929203562376739496	1.493555378638414736131525531	2.87892872766110591157655678
2.67	-4.865549741198572080220267734	1.115780365942877816402480688	2.6600593010136816322562083219
2.7	-5.082373640130688321212609284	0.72166875415833218603210564	2.4205943244449961201608746911
2.73	-5.254527925809808858337329567	0.31542056586017645292398578	2.1623654679723624774899495085
2.76	-5.3800758412212091196095774817	-0.09855997911834441779953431	1.8874217960579576123605466187
2.79	-5.457619362940670741305160364	-0.51572221725510704553435997	1.5980075484567480236129535302
2.82	-5.486326970046754677036826112	-0.9314350700287625030737762	1.2965358092681153034302025679
2.85	-5.465950355820229674851274367	-1.34105736025745515066885107	0.9855585635918688042991150057
2.88	-5.3968300376163032344215676	-1.74000649143005844986514313	0.66773378268337027636192085949
2.91	-5.279891358745902577373940068	-2.12382276770041621646492173	0.34579029692802633917918545373
2.94	-5.116631359795488996524727189	-2.48823104833646677144222523	0.02249130404763266303581708495
2.97	-4.909095179047467069888753419	-2.82920200942430672602050924	-0.29940258774151552030566282671
3.	-4.659840912444449481876499816	-3.14301161034477300915573264	-0.61716986855509703859034591232
3.03	-4.371894489721319909087489649	-3.42629389796387598475549646	-0.928163300852218615828272831
3.06	-4.048698243438114469174891438	-3.676083108139999562548737058	-1.2298429357763447354048874864
3.09	-3.694055934692670607471707363	-3.889845238362271496342910998	-1.5198062462850145406932566133
3.12	-3.312074119284108238808688732	-4.065502212525180556637529139	-1.7958147759154402757757849487
3.15	-2.90709851553939999257920576	-4.201450478196482231328906615	-2.0558168457573469695763316845
3.18	-2.4836463142288116366066714	-4.296572403296578865673900972	-2.2979660167340850984308640922
3.21	-2.0463387047105092786830476	-4.350237631944462680164588133	-2.5206351609724058005193876225
3.24	-1.59983814299242310696391575	-4.362294179895640853880226475	-2.7224261467193736149111158868
3.27	-1.14879122799050629237107916	-4.333052390466428834979140583	-2.9021752788283982544830027517
3.3	-0.69777440195555462471700309	-4.263265023574573583820733893	-3.0589547556061121523037057208
3.33	-0.25124038508140013617300572	-4.154103844732190819716690895	-3.1920704987819075186456787546
3.36	0.18653236741624299007029119	-4.0071311084577001836553670582	-3.3010567842797284735893286263
3.39	0.611482276874090861598531973	-3.824265969353334314967285307	-3.3856681467731893823607339303
3.42	1.019797365769364217455388993	-3.607748785980040359117034271	-3.4458690516326353438697381772
3.45	1.407941622891899534417589453	-3.360106155181459456455384727	-3.4818218260092819020955617414
3.48	1.772679785690885519732362604	-3.084116161117603287047720949	-3.4938733195572872437510370678
3.51	2.11110057381307431059892204	-2.782771557201260846191617937	-3.4825407283804081561444682321
3.54	2.420633935249988883909293787	-2.459241374946263097205807024	-3.4484969672057517504411284241
3.57	2.699059855734138375874920388	-2.116834775877186139008141231	-3.3925559185467976512083260042
3.6	2.944511984844221328616624674	-1.758969268427831701622102028	-3.3156578275229864994600848926
3.63	3.155480773232715539920377625	-1.389140484441261398996256873	-3.2188550504728010810118761648
3.66	3.330816392042975631753048246	-1.010889745185448018650854896	-3.1032983074522645703072590011
3.69	3.469728130058809878288457972	-0.627770314810821845256640031	-2.9702235355082135004426730894
3.72	3.571778882545781777535737773	-0.24331685785968940624477868	-2.8209393930254698813774337223
3.75	3.6368771068844421014248397717	0.13897995787727435913306782	-2.656815426661737740586075182
3.78	3.665268717521991483694815198	0.51569690470729647646070259	-2.4792708820532364264203872525
3.81	3.657528324223667981763671805	0.88350376022455464910689577	-2.2897641177550612512798194463
3.84	3.614547663897463547910471737	1.23919093223967451398276557	-2.0897825684991795191041190408
3.87	3.537520876228771514973993592	1.5796954152440371483565214	-1.8808331981716664378936159438
3.9	3.427928487187484758201923559	1.90212241360420749904383694	-1.6644333839964608095443181542
3.93	3.28752146259913187558470851	2.203763940093670553932880246	-1.4421021801089279443834593289
3.96	3.118304266783353717944842506	2.482117657348848571418016226	-1.2153519196993628046408760046
3.99	2.92251482033945142359141089	2.734907174880694712187289325	-0.98568012881248267334022192705
4.02	2.702601009939024181921484111	2.9601017048235536451097343	-0.75456174029927903821801454728
4.05	2.46119576929623140045907493	3.155932217656564603628532788	-0.52344161198170222105438780814
4.08	2.20109276148165492575707937	3.320903522787413115343314598	-0.29372736757465852682240537079
4.11	1.92522228534290469947989406	3.453804101739043749638164146	-0.06678259125262676867862133694
4.14	1.63662511773811175280758903	3.553715368010010549498856651	0.15607958389174399624741108191
4.17	1.33842298084074663277241922	3.620019839058505825688560698	0.37360244745995690176000174625
4.2	1.03378717944368485084028162	3.652406237655141806522261452	0.58459119548784793854874209
4.23	0.7259084001555570056122798	3.650870408317319503744416749	0.78791788038381657886054859263
4.26	0.41796896715251360900978635	3.6157128832367407783749432	0.9825257868379128359967139172
4.29	0.11311590849582096943628819	3.5475345744296400167525041487	1.16743320239997316441166604368
4.32	-0.18556758324296047749584168	3.4472308159755931038084012293	1.34173656291215707068250300948
4.35	-0.47509234119487525049976606	3.315982625632936552918853185	1.5046129662276025005609450766
4.38	-0.7525922928166389917811765	3.155244420918028253168532481	1.655322061767614235294865547
4.41	-1.015349691403606809014991568	2.966729029902694449776554316	1.79320733755880648570929801077
4.44	-1.2608167668910877260796518	2.752391509412930883262371245	1.91769683958038882980603356403
4.47	-1.486636510722422065768438396	2.514412013115164891669719685	2.02830336976131988975645919284
4.5	-1.690664323352407619840909467	2.255176381596741148121512193	2.12462421815036663904184139633
4.53	-1.870988985201641372623966093	1.977253557234241679316441142	2.20634049115500154032823667199
4.56	-2.02594989665002609684813837	1.683371120488927933777871705	2.27321610100441245451472459258
4.59	-2.154149738579592149013942061	1.376391291438641073203612951	2.32509648162163840503795944455
4.62	-2.254464854041702336038375842	1.059287786351179551085756975	2.36190709295593207470543049864
4.65	-2.326055606080880562561238557	0.735121183725290243236593835	2.38365176976251086291089376531
4.68	-2.368375817766240345833291857	0.407010844730981153155627092	2.39041096220274397937454844945
4.71	-2.3811786072718919945149226484	0.078104972113909364310968691	2.38233990497327951692672091513
4.74	-2.3645180466938084095978868166	-0.248447657895754517872253172	2.3596667395480736615496536976
4.77	-2.318748816316348246778478895	-0.56952348113524647103784678	2.32269060118342849981640395937
4.8	-2.244525165082032298738196303	-0.882050486585091846237639595	2.27177966927347696470841801928
4.83	-2.142797473909028858373214959	-1.183037659307447068285854845	2.20736916713274256486652771385
4.86	-2.014804376174362418238299852	-1.469605928445683001684852876	2.12995928597587167480903525733
4.89	-1.862061229876837267623738572	-1.739017024903795978044425102	2.04011299835963868326587961398
4.92	-1.686347302972540028218357538	-1.988699217474926047190914404	1.93845371916570327543301311439
4.95	-1.489691948925767876804208813	-2.216272102418617012522631827	1.82566276774757111308992953566
4.98	-1.274357422933042488372909552	-2.419572293279597835667974371	1.70247658343071414995231365287
5.01	-1.042816598038118683026520955	-2.596678975479464057085611838	1.56968364828828539552106714871
5.04	-0.797726868146306007072770705	-2.745936803640167737321060672	1.42812107600960306305179737265
5.07	-0.54190299648288083355884945	-2.865975022037854470262731208	1.27867083356697422495912968368
5.1	-0.27828980739679656101430154	-2.95572370671394000643179223	1.12225557294052597440996640578
5.13	-0.00993290630997068969289153	-3.01442809918065410309722096143	0.95983406290125128143993935125
5.16	0.26005455167260610237101204	-3.041660412512792912353776913	0.7923962251671864561467142477
5.19	0.52852845521020739476586095	-3.037327536633300992975563528	0.62095779441891821872932898549
5.22	0.79235085062288595743441641	-3.001673936128314706047309412	0.44655463690188898815190108147
5.25	1.04842533975371709482739004	-2.935280464232253795054554124	0.27023677684203279266727553898
5.28	1.29373112000059150598695638	-2.839059938997443083047880765	0.09306219286817083225596458606
5.31	1.52535751629755583690117885	-2.714249091604859257874282616	-0.08390954264934627835283503388
5.34	1.740539575996511575071232044	-2.562395673970169643158194988	-0.25962370056991012601513615891
5.37	1.93669283414905833058267591	-2.385340378695949786122867709	-0.43303682292026314603303629285
5.4	2.111444580271164364913773102	-2.185194871131197753191015118	-0.60312305543439819959367015221
5.43	2.262660687964202618488670087	-1.964317638276734054237524422	-0.76888030090920194142467859157
5.46	2.388469231841649609970503065	-1.725287934823206098415085034	-0.92933611560408573457325559407
5.49	2.487282263015606065605106416	-1.470876580429529603373272115	-1.08355328000610761607852971646
5.52	2.557815276092990696319735521	-1.204012774903225389269647607	-1.23063498692176627819054843715
5.55	2.599102447447162076879522647	-0.92774822061522785164574818	-1.36972960337387607868571191748
5.58	2.610506458605323436169402894	-0.645221214495361744939114846	-1.50003497741576742219002765098
5.61	2.591723705465662180347443839	-0.35962217407241758459206312	-1.6208022759217835054230230119
5.64	2.5427864660190337270493550589	-0.074159503572783365913312618	-1.73133935387610325040643396689
5.67	2.4640622881345810521902645694	0.207976138326716534542409167	-1.83101366891876945429913385981
5.7	2.356249348965821272984538094	0.483648999341555207659988952	-1.91925476627060830547103202808
5.73	2.220367025192299312345824851	0.749814025033256471818965639	-1.99555636812663332810278898325
5.76	2.057742852669242017959140164	1.003548741304310175669015708	-2.0594781078091867933056685385
5.79	1.869997664775734776892867156	1.24208182023582274613093919	-2.11064695219810166623526469444
5.82	1.659028843347029463790384366	1.462821051677993500705325057	-2.14875835616097746326277153058
5.85	1.426989862461595516525455693	1.663381679176078283356061377	-2.17357719000674025303704600579
5.88	1.176265569804338891082746821	1.841612685767084669056228816	-2.18493847564074582173902863961
5.91	0.909445519401588182116319094	1.995618337038319180872325491	-2.18274795949844888024200009455
5.94	0.629297802408698340980555536	2.123775517089409077221393282	-2.1669825409713139267747778852
5.97	0.338742521840425214096476596	2.224749422628332406206351841	-2.13769056448783435438518572122
6.	0.040821990846873033257273044	2.2975081905675187852587376725	-2.09499197230246551315255109277
6.03	-0.261332870043924552183159535	2.34133430321734843791011727	-2.03907830402980541889734309722
6.06	-0.56453689716936053018058793	2.355831234448175464026263328	-1.97021251869145512004632557823
6.09	-0.86558303102763036551192733	2.340926477591162640812802484	-1.88872860613813321486131916139
6.12	-1.161273429680812780528396788	2.296872645502147182745123249	-1.79503094772941386424229051276
6.15	-1.448452079963371430497816028	2.224246151657544576970762813	-1.68959338157020811298095317656
6.18	-1.72403964004306287692711929	2.1239415019032779650352152	-1.57295792577619773457259466685
6.21	-1.985068189680923101449786949	1.997160613150640649669591393	-1.44573311439375661972364726513
6.24	-2.228713230599278663431707917	1.845398842387490575025747119	-1.30859190480386318905656112109
6.27	-2.452322658933205982789801959	1.67042945356492015742210136	-1.16226912259927657146193403871
6.3	-2.653444343020496845668838756	1.47428604020050628910119304	-1.00755841977590249309974859961
6.33	-2.829853241023453929511899401	1.25924088799961007466394618	-0.84530873419536269681721271819
6.36	-2.979576892543658635980898295	1.02777846208763420799091847	-0.67642025208117449288403328873
6.39	-3.100917270685666121306242899	0.78256577176174268225626777	-0.50183989010919566148055520537
6.42	-3.192468209541111018154895623	0.52642223954281350762287952	-0.32255632866247598795648498039
6.45	-3.253129218849621425015120536	0.26228984363448428988369762	-0.13959464221880815903303184446
6.48	-3.2821165587184630107133017533	-0.00679806486883729079689644	0.04598941418783870478958240718
6.51	-3.278971164872949377721550111	-0.27775090295065939769548176	0.2331153926969483413815816327
6.54	-3.243562231581019915981523819	-0.54745717231404608289530796	0.42068433683632419873669436079
6.57	-3.176086052237163131965470761	-0.81282006908277461095449398	0.60758507985962017215048738817
6.6	-3.077061071673843458422552386	-1.0707901621655633471630419	0.79270057380519759480723784821
6.63	-2.94732026651919421120067389	-1.31839560746129110881108176	0.974914168549955994979962115
6.66	-2.788000743576876730629610767	-1.55277201009300764984331525	1.15311576640118131397673352587
6.69	-2.600529520150363973059359194	-1.77119277283312192245950431	1.3262077873067071270703462658
6.72	-2.38660526484602355467059054	-1.97109811234907884664898994	1.4931108920568016830363924641
6.75	-2.14817753842331878485230638	-2.15012006928651078735870625	1.65276942523631366084065547985
6.78	-1.88742553066868606092481137	-2.306102864922286337541357692	1.8041565553892746354178053358
6.81	-1.60673657354568450009790854	-2.437120505868668159897582466	1.9462791060446691075974776154
6.84	-1.3086827630909541834473567	-2.541493587625679353736390174	2.0781820870721571347646081971
6.87	-0.99599446862440587902103405	-2.617804825569798635404884318	2.198952950473713802996381878
6.9	-0.67153220031538999824075821	-2.664911100660847239285952591	2.307725607429065467839554504
6.93	-0.33825995356877378123147228	-2.681951080793447085024119614	2.403684253565158754487272484
6.96	0.00077877973367079519252067	-2.6683501113395801735944740089	2.4860670565119867942214955398
6.99	0.34248469202383054497868171	-2.623824415495872491761805785	2.5541697634885312012253427548
7.02	0.68372893970140011320961801	-2.548384145883003827151979206	2.6073492867416696765386995045
7.05	1.02138131605908087005057157	-2.442333174874658985801943358	2.6450273211056342055258122991
7.08	1.35233649068960669621704483	-2.306265410205805907148925316	2.6666940408824487254024878665
7.11	1.67353637196848358442747247	-2.141060106000610900846508495	2.6719119129315687838350878382
7.14	1.981991171997280459391405903	-1.9478776745185863806930787	2.660319649696993106239309438
7.17	2.274802625872773198116111675	-1.72815396776274116690966752	2.6316363104032613796077015254
7.2	2.549188978402672914583086331	-1.48359033992388623886240292	2.5856655414228904692829929971
7.23	2.80250841617250299954446223	-1.21614034476444522862894	2.5222999285339697360493791308
7.26	3.032279424488874110444311665	-0.92799651924717647991889891	2.4415254151726056894855823323
7.29	3.236199985419936794993759149	-0.62157845009059453321502125	2.3434257225861787238502596874
7.32	3.412167798339471947356842024	-0.29951926541908509337586046	2.228186690746649358516822301
7.35	3.5583009971649266377826188347	0.03535267928583696724668406	2.0961004436846850276907132726
7.38	3.672957198165233769252414006	0.38003643142800786530894617	1.9475692701781869611113963176
7.41	3.754750071614081185728489224	0.73138190494774394875209287	1.7831091009902580289649525939
7.44	3.802564688673279234795404863	1.08611204552434729871708767	1.6033524574836771051504632016
7.47	3.815572749521812933972110835	1.44084539535850428177326852	1.4090507436633683501505420563
7.5	3.79324678418185378567322588	1.79212239231223600157646651	1.2010757545604531237785850672
7.53	3.73537135427148084161622432	2.13643637104434718424250044	0.9804202782344402159809929464
7.56	3.64205064434915350596014588	2.47026676535510144808781305	0.7481976762228137708840263841
7.59	3.5137138626586613164208401	2.79011140073171896322554431	0.5056403375467451734348872174
7.62	3.35111987567855759144930078	3.09251748255812135106964004	0.25409691381043367902781723968
7.65	3.15536029940472700244485832	3.37411362185738909652382487	-0.00497174313143432001264876793
7.68	2.9278585445508688849439951	3.63164488274227512974935105	-0.26999800466198028334259380388
7.71	2.67036337152596394687504494	3.86200995459945538945722336	-0.539314298682874323282287921
7.74	2.38493835318889162813485342	4.06229753639762460582565827	-0.8111613863995603531840790735
7.77	2.07394993520858776594682524	4.22982007241063909911019529	-1.0836981018184674590929712383
7.8	1.74005478257764987915869332	4.36214566278881655289989898	-1.3550125591011235386085482284
7.83	1.38618394825910052322889372	4.457130055071826796003156681	-1.623134819060977204006930586
7.86	1.01552087261828702564492186	4.512948927588593150825952153	-1.886050991935778963747996139
7.89	0.63147327941019298015577666	4.528128397055305928780954366	-2.1417187383963144807637439568
7.92	0.23764235780080002612896566	4.501571635166999788176837368	-2.3880841136692954599419306233
7.95	-0.16220778191730143227302688	4.432581609330711314354801665	-2.6230996796899988140465712582
7.98	-0.56418136525157332904293694	4.320881412214796312094929172	-2.8447437864282124876077018244
8.01	-0.96428688020887922840517696	4.166632413513307720805137204	-3.05104089518711588911667076
8.04	-1.35847976843316276044902611	3.970448160529116217770560663	-3.240082783302724570342453269
8.07	-1.74270908706742788952787536	3.73340187254456951472647669	-3.4100504312531432444726022255
8.1	-2.11296327042963635572701515	3.45702797733111934531636979	-3.559236350254705940273287311
8.13	-2.46531367676122816735658717	3.14331987249118648127001902	-3.6860670621400814939062914044
8.16	-2.79595949339345768109478686	2.79472398769228976555517483	-3.7891253955115475518908599992
8.19	-3.1012772797009845307757184	2.41412670240056248408796867	-3.867172215314813311395736789
8.22	-3.37787296997826829894582702	2.00483113598609494626004778	-3.919167160116616390033017721
8.25	-3.62263077146196282241093396	1.57052571940064907104411008	-3.944287925929077923413297406
8.28	-3.832756692858456765965593519	1.11524922633041135563939045	-3.941947611030124999279765884
8.31	-4.005819463904107971264970034	0.64335301015461292927465454	-3.911809626426490025103600676
8.34	-4.139790966421288151410412141	0.15945573753681648060765994	-3.853799684554376334347031542
8.37	-4.233083333956585347387228849	-0.33161283936712466367936984	-3.768114406975673038369899867
8.4	-4.284578290005566697759260527	-0.82487567820161352311262261	-3.655226141674626843481957584
8.43	-4.293648100200178051437148855	-1.31527317202276809338745123	-3.5158836523231691361306573665
8.46	-4.26017056817420100046888901	-1.7977265645192874133769412	-3.3511084343915245227252233123
8.49	-4.18453847428521821600063784	-2.26720343573820069342668963	-3.1621865235997197011545001515
8.52	-4.06766033033375315065189784	-2.71878808938702470994671416	-2.9506557868979430189581296943
8.55	-3.91094981367429021167535937	-3.14775413345494160211164238	-2.7182888196758532499041934743
8.58	-3.71630526159345805197549903	-3.54963314335392214587739982	-2.4670717090661969073768365541
8.61	-3.48608282575078825134394548	-3.92027569125326504027272402	-2.1991790553443891414415842866
8.64	-3.22306458901943675519321491	-4.25590568588780669147529409	-1.9169457647946610685316783219
8.67	-2.93041941780979905815658592	-4.55317037013383949001625847	-1.6228362316993446157067396628
8.7	-2.61165438664409605620746069	-4.80918552522660359911749967	-1.3194116088726338021324933911
8.73	-2.27055852697775568553029152	-5.02157240424530056914488466	-1.0092959212309140651147659653
8.76	-1.91114387883471752367024393	-5.18848333559115489689450072	-0.6951418026472184382350130793
8.79	-1.53758758779888385832513012	-5.30861608396797973882616291	-0.3795966318679467584681974189
8.82	-1.15417458725544033629260086	-5.381219258068799568892766457	-0.06526980940112383908602479009
8.85	-0.76523819941735035502940716	-5.40609024772746461208176789	0.2452981435323270316709097503
8.88	-0.37509837554041987657158066	-5.383565045185241883863792807	0.5496640668112358341386411517
8.91	0.01199851450076185156584044	-5.314498852122844425388844448	0.8455077289086405213744957272
8.94	0.39193338456692802477947262	-5.200238197716946748245031613	1.1306540996174459496180985995
8.97	0.76076014926528030113905022	-5.042587091383340916834566964	1.4030920687914141788014820705
9.	1.11474620370398033591505491	-4.843769353576688563942931025	1.6609894738674754033939152122
9.03	1.45041074608913969377405082	-4.60638741363823140501869479	1.9027044162353151092543826429
9.06	1.76456029610424395170278742	-4.33337713474074509806012187	2.1267929544184554603726358867
9.09	2.05431749081239056304975971	-4.02795972086330730482302911	2.3320133567214360485190406354
9.12	2.31714041653009702325853114	-3.69359353072390776669235185	2.5173271747085087378114471022
9.15	2.5508341587156216755208392	-3.33392806713105121640953215	2.681897459912482593954818692
9.18	2.75355886708861631504074596	-2.95275977613082030232379749	2.825084488869680851791476382
9.21	2.92383647973128097649273776	-2.55398776201932954161914073	2.9464393862256716122660058905
9.24	3.06055408033453358299221442	-2.14156930787832579157407541	3.0456960433509038400448827293
9.27	3.16296090266560375326054763	-1.71947816036435872818281373	3.1227617223810870163803152262
9.3	3.230659447260483000239563932	-1.29166862694727702362794892	3.1777067150529563319050409344
9.33	3.263594514992943754866477638	-0.86204471521485964751860469	3.2107533946289209550848937653
9.36	3.262042729943578143904452368	-0.43443029419365076492674497	3.2222649602072982207144577542
9.39	3.2266010737879856799576933805	-0.01253814916508864795080912	3.212734128397723875721807576
9.42	3.158171856292250113039365737	0.40005917974628607056102167	3.1827719801750005830603262916
9.45	3.057944858316997891847349344	0.79995258277665593299683946	3.1330971229653232033058315028
9.48	2.927379851394229575565396428	1.18391405140712022224532845	3.0645252816478381671629783148
9.51	2.7681903456849134229083664	1.54891368669532934966561403	2.9779593888421410078456746642
9.54	2.58232590277381289553966094	1.89213894928922395975310761	2.8743802059414756916501430964
9.57	2.37195120936326120431363814	2.21101366178769309378756122	2.7548374728565330477838645111
9.6	2.13942397416052582240181303	2.50321284998073910264329373	2.6204415570517935977823207564
9.63	1.88727458904476385567598551	2.76667336547844626252398191	2.4723555515797380118214080248
9.66	1.61818701283741153847988351	2.99960361752155944359949255	2.3117877575619910574586456707
9.69	1.33497748226960213888717077	3.200494488432004691724966866	2.1399844787876127416474977062
9.72	1.04056934324297721472432537	3.368129995960946067209619934	1.9582230544221153803464502711
9.75	0.73796618057241482026035774	3.501595131535676008909044385	1.7678050596651342206591049243
9.78	0.43022648830314287281025133	3.600280340143372079651820514	1.5700496128010205078951345881
9.81	0.12044020643200609896514637	3.6638841578125786857182332	1.3662867395496075086761581443
9.84	-0.18829568090933969994875038	3.692415080249212019257819257	1.1578507609277810271427188673
9.87	-0.4929048623252582955197611	3.686191812435329803987561054	0.9460736878892550265474380901
9.9	-0.79036175545779453050527012	3.645840313275019327769342044	0.732278623706989263091626186
9.93	-1.07772061661205134031911571	3.57228730700853912669826653	0.51777319230899807916583382851
9.96	-1.35214167345363759873849919	3.466751371365091402302444623	0.30384302655497121621076682499
9.99	-1.61091540698993693913659117	3.33073243855308564523779979	0.09174536385029091144533595624
10.02	-1.85148747614842200160965821	3.16599899933933194128314079	-0.11729719319637030897750615853
10.05	-2.07148491639513891821899564	2.97457161172564609976594193	-0.32210268668477728199415427605
10.08	-2.26874143249561243491254011	2.75870254924544220371021849	-0.52153551676482255268397255176
10.11	-2.44131905802468997458450191	2.52085317477082474940654762	-0.71451179250313452515226691735
10.14	-2.58752565232275710410726875	2.26367070490112908020269775	-0.90000425940853722124244572344
10.17	-2.7059300151657300732698661	1.98996421346961650832357845	-1.0770467511894822844259556769
10.2	-2.79537623348545007281762119	1.70267818853431811743452966	-1.2447381245604373181994297742
10.23	-2.85499664841622086025602396	1.40486273889376302578614225	-1.4022456492193019133001445619
10.26	-2.884221328541957935958396507	1.09964195570267488110773246	-1.5488078396443042646676935459
10.29	-2.8827829328394059837181348	0.790183148067506453746443	-1.6837367302257585208744456282
10.32	-2.850718028750859625466575764	0.47966803974530021871116206	-1.8064196095895631050882308768
10.35	-2.788366579314928598635915515	0.17126426297695238985372273	-1.9163202429857030855960764926
10.38	-2.69636972536804822005477783	-0.13190506597783230843742697	-2.0129796226169173135976082858
10.41	-2.575664384398158382044701224	-0.42679335396982805362327201	-2.0960162942251801017125798153
10.44	-2.427473827514840642286231353	-0.71046109237684284363425045	-2.1651263137590810181395477437
10.47	-2.253295460466156057673696462	-0.98010258918229343361324397	-2.2200828903144411859796871187
10.5	-2.054887529683067434868006625	-1.2330699584030444805684874	-2.2607357707532938127633451887
10.53	-1.83425442985685160044732692	-1.46689741778448008153303328	-2.2870104176119940866529046108
10.56	-1.59362858177723182658206628	-1.67932670202177507544160796	-2.2989070254096652877162902508
10.59	-1.33544834484001133076534909	-1.868330838428909277918953587	-2.2964994116953552161208697006
10.62	-1.06233432897804686124978002	-2.032133555897577998532440815	-2.2799338086615780974483289617
10.65	-0.77706632706851317334466453	-2.16922513716762496834885506	-2.2494275695136243744459586631
10.68	-0.48255962062187087345018781	-2.278377437095430049115417911	-2.2052677916737906512099868237
10.71	-0.1818375967844382428290776	-2.358658478944266112239778309	-2.1478098469891193322636096819
10.74	0.12199965075985719879421731	-2.409444238207877025298988121	-2.0774757980590774737203426766
10.77	0.42580755707190507627798787	-2.430426004880450280072496392	-1.9947526702238723121889144282
10.8	0.72642758673439963507886362	-2.421614454817039616328863646	-1.9001905412055420469207590682
10.83	1.0207171221516583535378875	-2.383342010747004668566874047	-1.7944004053311159933195065735
10.86	1.30558155354663610310067389	-2.316262854299202178202084891	-1.67805176703365131595820003018
10.89	1.57800908520081269931489667	-2.22134856872052703392536922	-1.55186991913196975345831586733
10.92	1.83510571103834721122578536	-2.09987882641558002931896124	-1.41663286529273403234381420464
10.95	2.07412770474288327741670602	-1.95342868442839617874357803	-1.27316785297883667529889345894
10.98	2.29251149052247202638488757	-1.7838539649039257444080386	-1.1223474928233907065714927462
11.01	2.48790257340553192374934305	-1.59327405419081151519916903	-0.96508545231983290750524240466
11.04	2.65818431232638115406170069	-1.38405014426107358492759635	-0.8023317254251624859275459995
11.07	2.801505141253460071301803734	-1.15875826231449283444877383	-0.63506749445764307155043126424
11.1	2.916302077596470196785763368	-0.92015886981769645824116289	-0.46429961577181585644294105439
11.13	3.001319689129014536396927217	-0.67116545789347716806186632	-0.29105477531030802104926493789
11.16	3.055625294038723428750557922	-0.4148126804090525285187105	-0.11637337346704037326112629555
11.19	3.078621168014846775228801377	-0.15422244580411844598519445	0.05869678999184049394024478079
11.22	3.0700532206679227145256578602	0.10743337630419787199021521	0.23310695155387736059305160689
11.25	3.030014850451417219197264169	0.36697256940729784966408486	0.40581385524504202602922510453
11.28	2.95894550303481520457624684	0.62124161218827152641625415	0.57578617266396805867313665606
11.31	2.857624786755143446909944468	0.86715212188389512840394756	0.7420107864201006296000088378
11.34	2.727163149131044794907650444	1.10171523952134548183651953	0.90349885668379516076591136054
11.37	2.568988971303897838730009827	1.32207580056024012232468108	1.05929159880232411670719435588
11.4	2.3848311350026541643696396	1.52554668768607267036478417	1.20846571089488552025705560924
11.43	2.17669694872645673038739139	1.70964131149403347914047449	1.35013840338430614466344693199
11.46	1.9468469356589312725615596	1.87210165711632855966642032	1.4834719968190822749208985205
11.49	1.69776830291922482775666161	2.01092142915531513205193415	1.60767806929416055269136694937
11.52	1.43214729522462189178054219	2.12436606622882544952788961	1.72202114949120154500840904178
11.55	1.15283900339663043024374906	2.21099113730232983956326353	1.82582196506683464521436302047
11.58	0.86283383190024144391645462	2.269658311666871651761370063	1.91846026814004985197650901897
11.61	0.56522229640268925028489903	2.299546766723383709332744306	1.99937726940322852052936442927
11.64	0.26316103905377371458265452	2.300159366348999691628737766	2.06807771948316933949731935116
11.67	-0.04015903930023870784796732	2.2713252784008563209566830733	2.12413168034416281224973258826
11.7	-0.34154464893792816751794545	2.21320067714611512900720293	2.16717603065360767117179877422
11.73	-0.63783411886947274440346499	2.126266822705260291522149785	2.1969157471815384064628854495
11.76	-0.92593230238246606041713143	2.011323675840312980079081387	2.2131249996890422190113868076
11.79	-1.20284283312490233607854792	1.869479220248445946993050408	2.2156480897216879146462283052
11.82	-1.46569634041647769467321816	1.70213683221449146125879509	2.2044002547215364170487330043
11.85	-1.71177698907691233928377654	1.51098176264015299067138042	2.1793683484540999782232621212
11.88	-1.93854979675072552607460614	1.29796479141207843427854232	2.1406113975282662724765864713
11.91	-2.143687683177691636374006304	1.06528110826016425683196095	2.0882610224184200377705344106
11.94	-2.325095266386041782462484985	0.81534575422555479327723857	2.0225217005385502455382855305
11.97	-2.480928473221383084959370685	0.55076872814771723976883818	1.943670839208155530809901471
12.	-2.60961170282468822588805844	0.27433050159475109794458394	1.8520586183809129953298227403
12.03	-2.709853912273371213697016259	-0.01104448646130742944761747	1.7481075572941416191246841096
12.06	-2.780662633920202868863537338	-0.30231845474098753948573458	1.6323117561508599617942028723
12.09	-2.82135409333783688598625172	-0.59637383072029525580403108	1.5052357638488265739856623962
12.12	-2.83155917633737474143937796	-0.890046535609282611878827	1.367513025755090018954352616
12.15	-2.811226541975795183289332227	-1.18015742338313123014091804	1.2198438715585781085910778825
12.18	-2.76062359463761765319803092	-1.46354329119343922463267641	1.0629930121134887472171606412
12.21	-2.68033427410768992828804914	-1.73708960545158711532428953	0.89778652553872027859365444009
12.24	-2.57125219678349042133830828	-1.9977648620375063741296492	0.72510832613088938424983167148
12.27	-2.43456926751989131863677153	-2.24265409571270967102983212	0.54589612421259202644704435924
12.3	-2.27176150542485443104572384	-2.46898920552459872658550755	0.3611369001030765645296750916
12.33	-2.08457340543813101118226577	-2.67417606911931481769696083	0.17186193013504130595765348981
12.36	-1.87500015894642653227933554	-2.85582009262322240809407699	-0.02085858379246703833793518545
12.39	-1.64526599168427331392799075	-3.01175108064292309045269895	-0.21592121803887537172699450029
12.42	-1.3977982427248517612473362	-3.14004625193753890943183617	-0.41219529241859079146219394298
12.45	-1.13519917167939556025723785	-3.239049401560222740824824284	-0.60852901908504142192074920262
12.48	-0.86021806331334618750346313	-3.307385516729473987287163707	-0.8037557553673430663112745725
12.51	-0.57572417974506045208950487	-3.343971931835147361797885163	-0.9967002825799376615263554631
12.54	-0.28467875544200313879534068	-3.348027271959965759530249273	-1.1861850383452906030825758778
12.57	0.00989563614932779577828783	-3.3190779982699188144917789722	-1.371036238993922120635161222
12.6	0.3049473786483597883375545	-3.25696133254516030670935383	-1.5500898406722711686717075532
12.63	0.59742668538944226895240553	-3.161824120712601575350526146	-1.7221973022612713363187096357
12.66	0.88431299138481392100367828	-3.034118800090064524934584053	-1.8862311293166267344443503457
12.69	1.16264000197975899581321132	-2.87459789829245512796297511	-2.0410901951260919972058046333
12.72	1.42952120063597215831008918	-2.68430695711567635457473759	-2.1857048517392584400395601694
12.75	1.68217667179320914625916988	-2.46457451197642978150054447	-2.3190418595678113164061640254
12.78	1.91795881032213468098431174	-2.2169987596292639682041943	-2.4401091780357135324051767812
12.81	2.13437401049419832071059246	-1.94343279241499194318796672	-2.5479606710239479702427964355
12.84	2.32910057789659920884630763	-1.64597059086226950148259363	-2.641700788865830122665996754
12.87	2.50000596300351235059079792	-1.32693330390224327928174221	-2.7204892929087655536847277248
12.9	2.645165168849527812520104841	-0.98885297106257169529445344	-2.7835460888228564818817662809
12.93	2.762878495560966562705301113	-0.63445242731458394891341582	-2.8301562307232831671070068941
12.96	2.851685873775027509866794075	-0.26662411131479471618195684	-2.8596751497618904882721567014
12.99	2.910378215195283503961371439	0.11158875586670300922604118	-2.8715341482736228110682125493
13.02	2.938008636144573759337121687	0.49700934052881787217051086	-2.8652461841285169290798240559
13.05	2.933904372686682485812605377	0.88634700442512295917897415	-2.8404119500775084549814840376
13.08	2.89767697537044158656352635	1.27622185571573130444803744	-2.7967262301611893887992490994
13.11	2.82922902837386664164558948	1.66319119259823687953953715	-2.7339844903653286391515052805
13.14	2.72875903875079987464355322	2.0437740944126442924105836	-2.6520896344490548074599313897
13.17	2.59676689810578701184830999	2.41447449295898728930680051	-2.5510588291181086520309388347
13.2	2.43405917710946594255601663	2.77180638050569774850087719	-2.4310302764032652630722100498
13.23	2.24175101609060234421441894	3.11232330095643563974287908	-2.292269786201741972232430744
13.26	2.0212630751690292026673658	3.43265040607898274238246652	-2.1351769794166130823979514015
13.29	1.77431561030001836062667974	3.72951606013846002867937974	-1.9602909329217491608618493594
13.32	1.5029224501789547055126847	3.99978228483971120538354855	-1.7682950625542032945955567601
13.35	1.20938448644584250282784776	4.2404758750990899316671075	-1.5600210302551739704288977547
13.38	0.89627919111574695960913961	4.448821711020411936258093703	-1.3364514569729366957638488735
13.41	0.56644348712235222208768075	4.622277402158941535134533396	-1.0987212244754726592713913447
13.44	0.22295112709634101441431002	4.758567018348265847368278302	-0.8481171570908411219369094269
13.47	-0.13091189743743593843445244	4.855712724532271450890823119	-0.5860758887129031660999392209
13.5	-0.4916722308370107324859796	4.912064935602973164321356101	-0.3141797411166770015219013309
13.53	-0.85569648908096631794975437	4.926331719871969115544632221	-0.03415046649893347086002574095
13.56	-1.219224580163874169324849	4.89760653633386288240412748	0.2521592601647888185605201027
13.59	-1.57840970349790759088611117	4.8253922207729677502680023	0.5427766753483221389090804356
13.62	-1.92936184673176621251598314	4.70962003625401977365089493	0.8356221214110624934301337118
13.65	-2.26819101318081542395157524	4.55066444738040650188330535	1.1285245879448275061055390405
13.68	-2.59104969418716545554144346	4.34935459414934900899321199	1.4192395363640445763777002389
13.71	-2.89417738588442548443132934	4.10698161409907636467834477	1.7054688910126000722023498691
13.74	-3.1739493641546988716337373	3.82529924314925277272068881	1.9848830251607487114333088609
13.77	-3.42692807611556694002693746	3.50651598331181313989537373	2.2551445144941579310454698854
13.8	-3.64991280471790223802941991	3.1532799779559634856867094	2.51393337518218408528717991
13.83	-3.83998480939020290896813761	2.76865923997564423054346384	2.75897344967634332615541483
13.86	-3.99454900743419856713859986	2.35611789715058848044393242	2.988059552574281936067938498
13.89	-4.11137471369654070007626859	1.91948577118110995657706804	3.199084942952245534733109865
13.92	-4.18863521725799418259478153	1.46291825401867145162740546	3.390068650474852296286710835
13.95	-4.22494253748813566656931287	0.99084731590411958882011289	3.559182152414469923266840617
13.98	-4.219374062759865420607949064	0.50792839159472966261232105	3.704774879551665452349855008
14.01	-4.171491517961550195916412083	0.01898679896556725165294313	3.825398022757701120440501882
14.04	-4.081354747047143056387794123	-0.4710379334250016036656086	3.919826120564227500981266526
14.07	-3.94953025418194574385407132	-0.95715417760159229406852705	3.987075932421461370295022223
14.1	-3.77709115396926857610634913	-1.43438697606838504124611457	4.026422143217443293339287386
14.13	-3.56560654725001143753218633	-1.89784747617458245671598416	4.037409501790311977147666948
14.16	-3.31712288610511553566798935	-2.34279709331290616573872946	4.019861068569576298586739206
14.19	-3.03414070647797666475127309	-2.76470695155952119863721208	3.973882333211541550912800287
14.22	-2.71958560813603269331748559	-3.15931708832212275341945913	3.899861059406775980454882606
14.25	-2.37676959343694465704233641	-3.52269599260676281519888235	3.798462817498558697458686496
14.28	-2.00934277441034058729154204	-3.85129525607378800628764687	3.670622272225023285991358366
14.31	-1.62124078825535237849959861	-4.1419945083481534295956713	3.517530398589044009382131735
14.34	-1.21663239037744155027583949	-4.39213708868629895218747233	3.340617899379182825147042417
14.37	-0.79986591349119584869128346	-4.599559570338589267085386938	3.141535189291418658347158284
14.4	-0.37541063781248469651860098	-4.762615639753875896737060671	2.922129389519080991525756351
14.43	0.05220694131282392930904797	-4.880191609943378041254250637	2.684418840364421204382252227
14.46	0.47846670529200621805874606	-4.951711505465537657659587181	2.430565685974603147164488493
14.49	0.89891309974343813852585363	-4.97713283905001313021088967	2.162847113686816628089614015
14.52	1.30920759583681342043086572	-4.95693556152815760544722633	1.8836258405144146462977230088
14.55	1.70517893469663074097126408	-4.89210490104246189548536887	1.5953204316460539718244565869
14.58	2.08287316115524709324543115	-4.78410683895261320301624459	1.3003760117730849427795958507
14.61	2.43860088609518337998906558	-4.63485568886943108368966886	1.0012358914606311378185959773
14.64	2.76897713370722104479606974	-4.44667579210976582338003809	0.700314579882210980214320918
14.67	3.07095181525760965694699528	-4.22226042690093044668570095	0.3999725945408250070118603107
14.7	3.34183309765634626873707257	-3.96462922179283381021993769	0.1024934107102556982765534153
14.73	3.57930704851441867156374554	-3.6770829162942248820080741	-0.1899371791398957751245834353
14.76	3.78145414197893055501320524	-3.36315435843061076556457775	-0.4752491002003990612337239717
14.79	3.94676010323351626365541405	-3.02655728156120988329122694	-0.7515033029468744488112028297
14.82	4.07411876817168802846771154	-2.67113648865535829210122092	-1.0169042937808838838146727903
14.85	4.16282772503946377654029866	-2.30082188625954890369006318	-1.2698099063304695127621681882
14.88	4.21257983822213025430597158	-1.91958545446410040440813896	-1.5087383924517136034192904428
14.91	4.2234528356040083948233067	-1.53139851628519215642940869	-1.7323729660445238787709901811
14.94	4.19589639931336524822782399	-1.14018866241698711285439658	-1.9395639785214268247984551029
14.97	4.130715054623520066837917354	-0.74979913829982942108327822	-2.1293289414496742683733003954
15.	4.029046847380243362002402893	-0.36395423384397589761989078	-2.3008506391489818507301700749
15.03	3.892340015018960912949562732	0.01376896736088349891747028	-2.4534735918103187553208552383
15.06	3.722329707294051509624284851	0.379965767509038092344519	-2.5866991382464188697434184924
15.09	3.521014541265725403003132951	0.73142907412587785876991064	-2.700179407208590327970032213
15.12	3.2906314641905584827679438	1.06517383880422497983914897	-2.793710438064965848342270602
15.15	3.03362889720082394721623463	1.37845691762873180089574417	-2.867224696490613455295205431
15.18	2.75264035168129872007286748	1.66879038563022287431802814	-2.920783209781255597717591086
15.21	2.45046020774911539606544715	1.93395094703772362749270013	-2.954567520684927465365828747
15.24	2.13002031291265760862508075	2.17198966047153702479587786	-2.96887162951950524195517379
15.27	1.79436472405117897572612695	2.38124258558641337673193795	-2.9640940630863381065902377934
15.3	1.44662270274719151994076085	2.56033892221213724582884703	-2.940730176744894783601231296
15.33	1.08998332709390173578671664	2.70820422734246001278953376	-2.8993647641541308667812498293
15.36	0.72767370287444093103511153	2.824060724611289421043096196	-2.840665018687698005108743725
15.39	0.36293813029070093093354418	2.907428090154399867797252351	-2.7653738623445452389964466078
15.42	-0.0009856987690289681113823	2.9581247101022084756589546376	-2.6743036329170983190245860297
15.45	-0.36089326579177615185200043	2.976266599322180015022889918	-2.5683300989076855919147518305
15.48	-0.71363854988258495876554702	2.962262842233055625715637903	-2.4483867547016034262865800638
15.51	-1.0561557915938841867131	2.91680945689887558397454747	-2.3154593361473511165702272704
15.54	-1.3854799351395539920106343	2.84088332753337550281741318	-2.170580489126225010918149966
15.57	-1.69876930237689437393189765	2.73573500635581415831741277	-2.0148245209078980463681284086
15.6	-1.99333082343341064263503935	2.60287809069762110390546917	-1.8493021659078832976782422346
15.63	-2.26664480319918392144817867	2.44407499605671507700617374	-1.6751553035417441072949010723
15.66	-2.51638663091281723268317137	2.26132119525480643590946333	-1.4935515757057141816568695336
15.69	-2.74044591869713398943458193	2.05682931879545103457138974	-1.3056788643557147115778423201
15.72	-2.93694531188899527193790655	1.83301186183300808989400982	-1.112739604934903369552492187
15.75	-3.10425984148612956537394928	1.59246010204700260865993326	-0.9159449281472794567900604932
15.78	-3.24103522003013452825759199	1.33791872007787263841782987	-0.7165086398658596014546037803
15.81	-3.34620286827191823150694633	1.07225828789592424005435537	-0.5156410658560079723415483395
15.84	-3.41899109563990372401395497	0.79844807186277616252511025	-0.31454280357488754608343136109
15.87	-3.458933525008456263053910161	0.5195291929602319280781833	-0.1143984367420338702075841161
15.9	-3.465875641713994348076219718	0.23858598685170186520979512	0.08362972104612267979494331925
15.93	-3.4399788319579812552061145518	-0.04128594736364088125106716	0.27840778020705445169951829788
15.96	-3.381720532783636370182566677	-0.3170137154097206191027654	0.46883624968464291226528196396
15.99	-3.291890062774863535167036758	-0.58558005596143619612592317	0.6538557556379385680526957577
16.02	-3.171581061571655159437498061	-0.84405345989738798916900117	0.8324524320703843451241733541
16.05	-3.02218149277704965782165014	-1.0896165534222518411905108	1.0036629188283570679228797771
16.08	-2.84536090157779260995163314	-1.3195949394145062400883597	1.1665789130070042449108884918
16.11	-2.64305384982355505157057585	-1.53148682663971084274272085	1.3203512326862263511527512629
16.14	-2.4174393949344485691745034	-1.72299113693853782168044582	1.4641933662988512234592945068
16.17	-2.17091809648916167315025713	-1.89203148682841518349717466	1.5973844959640103880113115802
16.2	-1.90608820054724553476714093	-2.03677585514452247038794371	1.7192719979512633697210830239
16.23	-1.62572091282284392142742848	-2.15565401802640804610957704	1.8292734372686544752573920185
16.26	-1.33273312507474478008864614	-2.24737427894789891581792656	1.9268780854735289235669601786
16.29	-1.03015680973483187095918389	-2.31093842626765634543300434	2.011648000598015840125632514
16.32	-0.72110683802649990870671046	-2.34565256023535028769434809	2.0832187151244561087152609707
16.35	-0.40874999907988588957553108	-2.351133140680514336882785285	2.1412995819718526890667367193
16.38	-0.09627577956734526053490846	-2.327310042588915424790674637	2.1856738293691631023660696752
16.41	0.21313348574372063816474533	-2.27442822665819889402095733	2.2161983733711434652253472142
16.44	0.5163351572798423592867261	-2.1930471104374114263056849	2.2328034318504888660896927986
16.47	0.81026002183379546507789957	-2.084035637085445679185544171	2.2354919764466899997208084577
16.5	1.09194361168491276619216286	-1.94856317086648405857079676	2.2243390496514673541649701185
16.53	1.35855398419404020050965103	-1.78808846528658445249181585	2.1994909635338300148480769539
16.56	1.6074185434151958124107401	-1.60434755661251512846319646	2.1611643851842064048156284238
16.59	1.83605222297617093763149914	-1.39933851865775441054187233	2.1096453024457193841798487729
16.62	2.0421856795268039785264643	-1.17530121853913689312969545	2.0452878525612026534505418838
16.65	2.22379037982341704911631876	-0.93469347039432587773264952	1.9685129866289616893607815179
16.68	2.379099707280813995508617386	-0.6801664898708862618050228	1.8798069348053781008353488685
16.71	2.506627834681671619573858806	-0.41454008670984227032205166	1.7797194315136752350905368612
16.74	2.605187590116946369350812185	-0.14077511567199926653645211	1.66886165690524282101006214829
16.77	2.673906157650013703143245781	0.13805866013623961456314032	1.54790385073531631468989733967
16.8	2.712236684026628300430234363	0.41881787218340691728466179	1.41757255777600315744149053005
16.83	2.719965447957092758784020931	0.69832089360945677823549087	1.27864746985673052116882042009
16.86	2.69721572730895184691549687	0.97338188997062303675165195	1.13195783839220811129328938639
16.89	2.64444891476447421625476337	1.24084504697006556245653639	0.97837844246751321559320691905
16.92	2.56246180368645964299587741	1.49762085062105839892151254	0.81882511068679997825012177866
16.95	2.45237865073357045685462682	1.74072397220896893832439219	0.65424980941725406826139496194
16.98	2.31563814637191910886053678	1.96731012238048101429558191	0.4856353250382473902303618866
17.01	2.15397687362706654311771002	2.17470963754702178018908535	0.3139895825459258442836870485
17.04	1.96941036450774296488820853	2.36045784784228699273882003	0.14033965656405170472066755292
17.07	1.76421106585839924906425243	2.52232369415477904822338709	-0.03427445728994162334063913195
17.1	1.54088173464106613237326548	2.65833711821633385703564925	-0.20880623331393683218861831388
17.13	1.30212418796352242753655428	2.76681379448545143755445999	-0.38220908513413597009588725827
17.16	1.05080543804054213478844051	2.84637520361888657992572219	-0.55344282684172913828441440651
17.19	0.78992356616875136631927053	2.89596345587137023216601584	-0.72148003963240373812353698797
17.22	0.52257375825931007271313842	2.914851896900905221713319237	-0.88531226182519699890647444397
17.25	0.25191297009770362598475112	2.902652505291396431237605698	-1.04395592753551907183470178657
17.28	-0.01887789282635327523132534	2.8593196987552903050754550711	-1.19645798955048528157589688458
17.31	-0.28663294854308739466549745	2.785149368028946874469913315	-1.34190117451717609456699042407
17.34	-0.54823849769720273417473319	2.680772874054782803474124616	-1.4794088327000709409532605528
17.37	-0.80066664070451161644684699	2.547147209972787518221263264	-1.608149359512827095250592902
17.4	-1.04100644587122771146196137	2.38554259215428939499564439	-1.7273401809774232807613187957
17.43	-1.26649485778176891679461959	2.19752728335081605905024842	-1.8362513094299846271286488252
17.46	-1.47454753232823843783285948	1.984948514688527423808949	-1.9342084884649150099401829265
17.49	-1.66278711227485795552400345	1.74990952630465335095941879	-2.020595956680053135456856003
17.52	-1.82906655537542787772976729	1.49474469418800238989099377	-2.0948588677818070084970294465
17.55	-1.97148804702998359248122689	1.22199464925410915604112186	-2.1565054097093399457334366519
17.58	-2.08842006568585850469915159	0.93438081388425231087457702	-2.20510866748113346590495572
17.61	-2.178513607278482043658091655	0.63477708584084416508629359	-2.2403082734576783539829765529
17.64	-2.240715608161886001672373021	0.32617824566668446572908263	-2.2618118848070475846273074431
17.67	-2.274277529383419914786094011	0.01166794198899890100204332	-2.2693965214527702734403592438
17.7	-2.27875998389620898307812962	-0.30561091854100394828051958	-2.2629097890950402306062429616
17.73	-2.254035735746054691995250147	-0.62248431596335550519874194	-2.2422710015463357732571154459
17.76	-2.20029118087488970866376698	-0.93577707401297239799289048	-2.2074722052061681821612442372
17.79	-2.11802413226834909278017197	-1.24234543060934055249723354	-2.1585790966614976107585644762
17.82	-2.00803703511134212401187868	-1.53910924548111094766622697	-2.0957318128057921613372735159
17.85	-1.8714275606797412249091112	-1.82308099340930272413092538	-2.0191455621805367817028536499
17.88	-1.70957847707892127379308729	-2.09139219606987574403728906	-1.9291110570822317179458368853
17.91	-1.52414582294471222066332577	-2.34131990738430327689192581	-1.8259946989045583054030676405
17.94	-1.31704290994460736351570984	-2.57031404592955082078140962	-1.7102384646648344508632538606
17.97	-1.09041970118400485821871117	-2.77602361570659792623764161	-1.5823594410410909468629845805
18.	-0.84663995034111782136497461	-2.95631966046269867817047446	-1.4429489537219791817310216736
18.03	-0.58825845115628188011482566	-3.109314913619327145721965346	-1.2926712444845342061879845785
18.06	-0.31799794258792239354994178	-3.233381562208758076537555041	-1.1322616560285361370586338936
18.09	-0.03872319299186425212748028	-3.3271677037377260221993206021	-0.9625242948976647836680682253
18.12	0.24658896072107688447458584	-3.389611377241725538300531543	-0.7843291553239635877504083262
18.15	0.5348818148605236140926014	-3.419950779234046174534622761	-0.5986087009094162068661917627
18.18	0.82305018659458341946829502	-3.41773064411706346522003463	-0.4063539159516287565175759211
18.21	1.10796984577395370254167902	-3.38280588211622499695759467	-0.20860985309359317084732449508
18.24	1.38652662703926240144945348	-3.31534299583822789968360323	-0.00647071796141156229432127402
18.27	1.65564728061063725587002093	-3.21581838881741632325980805	0.19892545629953081684700032255
18.3	1.91233175984606384861338607	-3.08501242351628595308309661	0.4064024819429576417516506218
18.33	2.15368427230582068065045424	-2.923999518324652335722453	0.6147519677667694768181602318
18.36	2.37694075937971015691401598	-2.73413599805724146921363671	0.8227394763048026766271010836
18.39	2.57949308097506369065563329	-2.51704696454963493362449325	1.0291108158285916418926089451
18.42	2.75891204886237190462036381	-2.27461152277216720854771599	1.232598400800080426804384616
18.45	2.91297050819985257157180968	-2.00894466686833169872328521	1.4319276230333295405601076984
18.48	3.03966517202202085489318293	-1.72237552886511847326411149	1.6258231877599851624151233887
18.51	3.13723492010557598529324054	-1.4174241074726331332828041	1.8130153834274701118639234194
18.54	3.20417497582237182848087645	-1.09677907402319634955718063	1.9922462706002389991794903341
18.57	3.23924867316090903473755615	-0.76327686967700295703453514	2.1622757928671513047965426451
18.6	3.241498598652323544599496929	-0.41987965723319602237932745	2.3218878301879810516282837857
18.63	3.210256742642773672616266526	-0.06965010232180732523938468	2.4698962316156945475598313222
18.66	3.145151836384509137559216045	0.28427569370721586948334632	2.605150878802148889086281592
18.69	3.046113350117947722927804845	0.63871349193026633115665752	2.726543843187160926891816857
18.72	2.91337394295084629974703881	0.99045280917287340357580184	2.833015707435545889399193143
18.75	2.74747204197632905850133327	1.33627801651734534725241644	2.923562124802915084794694647
18.78	2.54925349818141032356799846	1.67299237549938443346296085	2.997240688111007552420525784
18.81	2.31986987713405944901534096	1.99744494968702145889708156	3.053178172502291820261745243
18.84	2.06077344311396710120419102	2.30655650921044621479333585	3.090578202915550113880183094
18.87	1.77371189483389636602315987	2.5973420435155235597760229	3.108729378275219285673729321
18.9	1.46072444410363949577892258	2.86693230459714254917717801	3.10701385992679880259821524
18.93	1.12413633484564102047896267	3.11259809176101353762597488	3.084916402311080892338836791
18.96	0.76654794413622230108278357	3.33177714085548095319746428	3.042033769914591770467727517
18.99	0.39081899390049108517511914	3.522100323037156685817264733	2.978084447061322542539500371
19.02	0.00005200816309142127253497	3.681415642576576513113168616	2.892918507255875789594111739
19.05	-0.4024231766975233529179645	3.807811969022567991729263853	2.786527467912883811666140494
19.08	-0.81306713048462308090913856	3.89964438630860529148456854	2.659053915985000395564768023
19.11	-1.22815515250656085872799073	3.95555996508158484910572617	2.510800651985879505826088468
19.14	-1.64380846602191602785704209	3.97452128359362248932694641	2.342239066085797061104449018
19.17	-2.05602857383081676508682455	3.95582699071115985306003387	2.154016432302616627005323294
19.2	-2.46073188686667608419853565	3.89913103341648021193685733	1.946961787286171319504708223
19.23	-2.85378587862359191964219992	3.80446147196028639416774356	1.722090050675127356267175576
19.26	-3.23105027758987493613979701	3.67223693033112955209700059	1.4806040461731496036525727311
19.29	-3.58842464758280698105902782	3.50327747230960725245599317	1.223894097722416076947618105
19.32	-3.92189983543438637279395397	3.29880880868461481384171819	0.9535349044078315685728178795
19.35	-4.22760954591794561450952867	3.060461693044982301619474	0.6712794414432310220832953874
19.38	-4.5018806852977985092088249	2.79026846005151016678045439	0.3790496925956753891445411898
19.41	-4.74128391751690785733507751	2.49065563637577851900809761	0.0789240908351298977276243133
19.44	-4.94268576776420278528647701	2.16442903932470299608812589	-0.2268783727314108718834273135
19.47	-5.103300886689444175753036	1.81474903607797404972578398	-0.5360173187845880659240510278
19.5	-5.22074103333032891013301495	1.44509758544272712236954342	-0.846053276400201911272180577
19.53	-5.29305819410179185725191593	1.05924095221251294603253437	-1.154472851931869282079439776
19.56	-5.31878171584810834857678837	0.66118994919488932492573913	-1.4587164146972099617058661887
19.59	-5.296950322492965940957682638	0.25515557736677487123515718	-1.756207848474420999187638692
19.62	-5.227138384037246860988253517	-0.15450317324370712826955271	-2.044385832288316264306509548
19.65	-5.10947400971546225556659046	-0.56333912410753651883859439	-2.320736042713131574138730229
19.68	-4.94464700961466490225053491	-0.96687966778313470770373584	-2.582823616795386539986624898
19.71	-4.73390711394160286248316842	-1.36068752640751766273310045	-2.828325182866164332051067911
19.74	-4.47905411766385663373216068	-1.74041878576583754125220021	-3.055059758204834650967375956
19.77	-4.18242018627939465843709838	-2.10188131935964181745603894	-3.261017828853804215275860482
19.8	-3.84684250284576027466886768	-2.44109542545502457793384808	-3.444387967738232928258757502
19.83	-3.47562512324937575939955933	-2.7543534185292275148830421	-3.603580411194176095370267028
19.86	-3.07249228886187800043037998	-3.03827225361148452509632373	-3.737247098382967243856968747
19.89	-2.64153737307874286488962756	-3.28983658565162617217994949	-3.844297779089371981662796393
19.92	-2.18716908092390080920707963	-3.50643503918641711896994733	-3.92391190840529168667195284
19.95	-1.7140524547127745574041422	-3.68589305924994130770627004	-3.975546166547249971679458065
19.98	-1.22704266217848738153923005	-3.82650092170672000044862974	-3.998937563068166027280559875
20.01	-0.73111496387084078038407185	-3.92703220932014306054533254	-3.994102201656082650404614242
20.04	-0.23129755818574247222790155	-3.986751180260573913292133216	-3.961329889697701803408854246
20.07	0.26739008663628492785968186	-4.005412470153610207314446679	-3.901174871735972388020581899
20.1	0.75999721765573689111229891	-3.98325621874536269231935028	-3.814443044788794696322119951
20.13	1.24170371178260000843520535	-3.9209971431631982198888184	-3.702176074282265215937660961
20.16	1.70788104141106597437099	-3.81980483000113708978690902	-3.565632871325712268777788914
20.19	2.15414581784499623882910604	-3.68127651180232557776974584	-3.406268915570819545654353591
20.22	2.57640349124407040747634431	-3.50740652875384869240518778	-3.225713914275956927032626587
20.25	2.97088571091681446538812915	-3.30055419715506238795047063	-3.025748279521367115460519386
20.28	3.33418522655473068928974975	-3.06340780184164065848885955	-2.808278884384939451574807416
20.31	3.66328760130243425107270917	-2.79894274845243981799562686	-2.575314528139056181059597191
20.34	3.95559585580477985367579664	-2.51037605116082546649122382	-2.328941503022158728806868015
20.37	4.20894600243042501720594824	-2.20112163402782120643972424	-2.071299613528899334377551557
20.4	4.42161533661948940574733207	-1.87474836002430697247018992	-1.804558955743753508039184655
20.43	4.59232658617188096114549917	-1.53493853252013762210788356	-1.5308977208457775491673028426
20.46	4.72024877453651802684032349	-1.18544395754593649885140208	-1.2524812448625594911569994062
20.49	4.80499321944932199648823346	-0.83004018462561241346127341	-0.971442486881875979250354821
20.52	4.846603348094512449378049532	-0.47248292416217650683380593	-0.6898640806365642359394256474
20.55	4.845539213533864751871506827	-0.11646984988271578270024641	-0.4097620697114823296673407427
20.58	4.802658828251933372635434413	0.23439302425671211602465807	-0.1330714043922210998801539711
20.61	4.71919736483208370579884145	0.57662383086993284818622292	0.1383667519321085157793006884
20.64	4.59674355973600738011891745	0.90689797814768133573652958	0.4028158872232777328799542309
20.67	4.43721258315143362639259653	1.22207980600957380048106402	0.6586531833312675842983586735
20.7	4.24281622760269705330302134	1.51924904410354796618268306	0.9043767692953751810256037352
20.73	4.01603235229188841688816959	1.79572082642519947826107461	1.1386112421770783785671795267
20.76	3.75957457185575825917066455	2.04906172631350374057614538	1.3601115347388697440238160658
20.79	3.47636132160357942320993276	2.27710504650713695773903618	1.5677652299701402293350060558
20.82	3.16948309743191805429597044	2.4779657141555270162252457	1.7605934408626488425033940248
20.85	2.84216848556282011972269056	2.65005205395716043207156247	1.9377503894711055931709398054
20.88	2.49775137556130312301464775	2.79207202442246251888506843	2.098521831674955901865762216
20.91	2.13964103515837165615144253	2.90303475120883011162377707	2.242322482755556514646029316
20.94	1.77129400235865919427816846	2.98225048108845058364019525	2.368692603590425163575288342
20.97	1.39618524291131490864671312	3.02933073697161144663317973	2.477293907753745777899826615
21.	1.01777786844341427969784308	3.04418726564668392738828019	2.567904946072642246877728115
21.03	0.63949394835952116942248576	3.02702738873068698431531547	2.64041611736625164981161992
21.06	0.26468942401227098232344974	2.978345776886943113037212668	2.694824442501267895194057575
21.09	-0.10336727120997965738723777	2.898915142034886482751276253	2.731228223997664049315549966
21.12	-0.46151656717437237686163056	2.789777405794761218268823161	2.749821695804505839326420066
21.15	-0.8067314712205577899332757	2.65223386813980966664033271	2.750889748229892824556790586
21.18	-1.13614145285280271248006271	2.48783228488199297909656892	2.734802792109469078137903497
21.21	-1.44705253118381962644845318	2.2983516181236222450988103	2.702011804926732685123434589
21.24	-1.73696321007916377230511767	2.08578712071014152647479004	2.6530435805497817785754980943
21.27	-2.0035799483434894343013665	1.85233608517831607329315212	2.5884961842903145122826575824
21.3	-2.24483472544822223429842512	1.60038140055806347117075949	2.5090345968353723131066374832
21.33	-2.4589028411896409543555084	1.33247105478391211213423127	2.4153865148873787673224444165
21.36	-2.64421763004739053729743338	1.05129562164889032685313534	2.3083382636129226950767844335
21.39	-2.79948171647155261631159167	0.75966683946230082470819235	2.1887307666693444804594640029
21.42	-2.923677117505010413144900745	0.46049706619598889255748635	2.0574555139431812933978254262
21.45	-3.016075458036510944686147764	0.15677636245558066133137382	1.9154504653444020115206016133
21.48	-3.076246871694094955993955158	-0.1484547369869532366504791	1.7636958310497282559039199974
21.51	-3.104065604476613991177364473	-0.45213490938497747659496838	1.6032096743124333166434879932
21.54	-3.09971221636194676093738215	-0.75121086672923031985194354	1.4350432920306113402444613086
21.57	-3.06367369263576177271472457	-1.04266438319104234784126192	1.2602763402138966078247244324
21.6	-2.9967419005143832949060887	-1.32353963998381119196887281	1.0800116856943037206142064438
21.63	-2.90000908342954367308212596	-1.59097305124867146625996211	0.8953699811587725577704968478
21.66	-2.77485894505487642818612865	-1.84222494928113664385180847	0.7074839770230851047332041635
21.69	-2.62295357953873646785338035	-2.07471025798824436655009887	0.5174925999573297523501087208
21.72	-2.4462178692333269266393126	-2.28602601368491463263383258	0.3265348431493842630268544581
21.75	-2.24682224475354305277842399	-2.47397617235409611003380511	0.13574352683956014168342735254
21.78	-2.02716279504345479000600555	-2.63659549577095602021160178	-0.05376100144344750960593416608
21.81	-1.7898370916335653978799491	-2.77217305147355081891474857	-0.24087714974806331078665754927
21.84	-1.53761572647860853181624397	-2.87927369538701907893278007	-0.4245282662357477877475719635
21.87	-1.27341166596529891483568172	-2.95675540962062208825183942	-0.6036686434560577642773411306
21.9	-1.00024960521970128595601762	-3.00378198267587736866915088	-0.7772892636470548846100700542
21.93	-0.72123538158006389718883817	-3.01983222223021007023022657	-0.9444232130520552962941109212
21.96	-0.43952364835320550833786641	-3.004706745204933629066784636	-1.1041507030072567381623781285
21.99	-0.15828271559862449335658776	-2.958531828497807730071576128	-1.2556036477800922138535857014
22.02	0.1193419341980804333277094	-2.881758957779937080380882917	-1.3979697631005095304778464746
22.05	0.39026246577964257933162071	-2.775159696612258463035117552	-1.5304961642224494301985591104
22.08	0.65148036149873283298726954	-2.639817021364453509353089141	-1.6524924573484023782433718575
22.11	0.90011632166442776998272127	-2.4771143103952252327126733	-1.7633333325371995206004729352
22.14	1.13344061375575806496763084	-2.28872168062754162103448738	-1.8624606790555745724724194069
22.17	1.3489038132024644035116331	-2.076578448470922531520083	-1.949385254898988792070593603
22.2	1.54416522484187640499650373	-1.84287167306672114927531946	-2.0236879504085953742796055181
22.23	1.71711663485387618488086115	-1.59001263397728437499178005	-2.0850206912211508909221189508
22.26	1.86590211466348552903857581	-1.32061294255825128819425896	-2.1331070280488114914400183576
22.29	1.98893646782771140299168624	-1.0374595460860590127623272	-2.1677424600066278042241814682
22.32	2.08492308429135306817396499	-0.74348639891621287433194669	-2.188794534557378797217722564
22.35	2.152868982712597293030878399	-0.44174255781925239280786484	-2.1962027609398341797898106392
22.38	2.192094948297754641857948442	-0.13535956876875110384708708	-2.1899783656233604686393582429
22.41	2.202241670881838581757365195	0.17247929539188383608298678	-2.1702039084218639996532408717
22.44	2.183274091432524745247000667	0.47856910712173928886865153	-2.1370327670062432417953984826
22.47	2.13548387558337987197055511	0.77971577528967098025064783	-2.0906884863213284851107794669
22.5	2.05948779256017764479548664	1.07277136465547099197705539	-2.0314639784982250193666995085
22.53	1.95622116298868488929670039	1.35466911530166702457530224	-1.9597205488979384907727767073
22.56	1.82692818921954933348881399	1.62245549136412800642762688	-1.87588671552533373294922511822
22.59	1.67315078115276724733889933	1.8733200444862466356713291	-1.78045678274117322474634950049
22.62	1.49671479579045286269803846	2.10462549855306951321046276	-1.6739891264049851187169438096
22.65	1.29971142746165081230575741	2.3139384652648830711742953	-1.55710414661379124742304313003
22.68	1.08447353806985859608750565	2.49905861304007364470213732	-1.4304818462326346259835712903
22.71	0.85354924383905851769544803	2.65804414784764662617248497	-1.29485899845921523171926432915
22.74	0.60967480414148964505756527	2.789233582693603221614426765	-1.15102587458061149735649491471
22.77	0.35574623900549193681924601	2.891265047005606137787048854	-0.99982251355534632074678057101
22.8	0.09478751006365648308690151	2.963093453831302561672997485	-0.84213452762438265070124819291
22.83	-0.17008546619814013167794628	3.004004258199429671573012765	-0.67888845221910819940005472677
22.86	-0.43570295381586049888489063	3.013622426408968096829189438	-0.51104666328421896964261199171
22.89	-0.69887881132924320513847752	2.99191660454932346823884218	-0.33960189998943699903900864715
22.92	-0.95644625372545455874569693	2.93919946459517630083819411	-0.16557144486114915845094764352
22.95	-1.2052933965491209970495914	2.85612460613139184764837875	0.01000897415862823629938818818
22.98	-1.44240004872880910412634779	2.74367915019601972300836136	0.1860914850321095181769411078
23.01	-1.66487495414915068725025038	2.60317109173528340672201283	0.36162249432327707443558505157
23.04	-1.86999079875227502046084201	2.43621187833628103202127886	0.53554914527331386783068414844
23.07	-2.05521496104815995278847358	2.24469588957030789173179731	0.7068257248042475987390638774
23.1	-2.21823636817597652665927412	2.03077794327265294635977274	0.8744199361338158918984586266
23.13	-2.35699017125563289149598589	1.79684825171993100001966728	1.0373189602251442733248556062
23.16	-2.46968083472511624989789466	1.54550357393569793743927508	1.1945352388722514815551802378
23.19	-2.5548021582980324743443326	1.27951475787665176224573032	1.3451119242948989196177899795
23.22	-2.61115230985555942231284196	1.00179289998133500335572161	1.4881279540081077050105782006
23.25	-2.63784368333300261019251245	0.71535644576810740532430599	1.6227027246775103533621631539
23.28	-2.634309166482849489978595828	0.4232993219872226314512188	1.7480003538654217658464513227
23.31	-2.60030606370159139958746545	0.12875816387920200564043005	1.8632335332158850655786996014
23.34	-2.535917054875238140658148234	-0.165122516196528898570509	1.9676669899752510407185753579
23.37	-2.441546798415103522002984954	-0.45522547578324399598858525	2.0606205851462615782857416192
23.4	-2.31791428859728983973241465	-0.73849301750983307411825875	2.1414720855004063434492412889
23.43	-2.16604281437203597300111081	-1.01195534392650347607673032	2.2096596527438065651443180783
23.46	-1.98724870710236205070080854	-1.27275726879258620888077437	2.2646840961227886827062479872
23.49	-1.78312771587640331830719903	-1.51818576587928792819779862	2.3061109346052825316727578623
23.52	-1.55553735081084661571660111	-1.74569746677075378344807555	2.3335723115793180184711814993
23.55	-1.30657610277884008399238015	-1.95294281049186027697722983	2.3467687990127934043777390066
23.58	-1.0385624717998465041406704	-2.13778553963060979403297422	2.3454711195923147608160461542
23.61	-0.75401477287420508338205365	-2.29831980978031922946021985	2.3295218049866259127763107863
23.64	-0.45562917969966107649221508	-2.432887211752839566728060049	2.2988367966329056284312587307
23.67	-0.14625363994007944900412839	-2.540092741762219953508988495	2.2534069829555818092405674156
23.7	0.17114082485505717849497596	-2.618817221903809477641715202	2.1932996543668959411612084272
23.73	0.49348780921965367039866155	-2.668225861721523453192224671	2.1186598454438516708398546902
23.76	0.81765116385708291853189937	-2.68777490669922767673206814	2.0297115229838749991968616265
23.79	1.14045119026188300775477101	-2.67721734964641255950026897	1.9267585698169456877022935466
23.82	1.45869391433425497590016596	-2.63660623644642874685205968	1.8101855078195395646878933179
23.85	1.76920256515022121300330502	-2.56629385546439948253682694	1.6804578999497414296980733384
23.88	2.06884811589385506309300202	-2.46692732074478316125222917	1.538122370580811521476121088
23.91	2.35457714686158304721154741	-2.3394425636087173179598361	1.3838061860704315569659313923
23.94	2.62343826130581553927885839	-2.18505745814901931687695333	1.2182163433073307090275985826
23.97	2.87260918571126488325604713	-2.0052624319313991813515262	1.0421381226850076004294152666
24.	3.09942474121888502009356115	-1.80180659659524127448711912	0.8564330731416603168940478344
24.03	3.30140365681293951938904039	-1.57667971877045634733294806	0.6620364099867706956283256309
24.06	3.47627225850662454998412118	-1.33209251676559956736095312	0.4599538204773129500060275541
24.09	3.62198504489687398021936291	-1.07045716508739819854431104	0.2512576866757726608432157912
24.12	3.73674354655102276376297881	-0.79436717035810861419821616	0.037082749127340719888983328
24.15	3.819014160003640792669707533	-0.50657417751504604110411854	-0.1813787525574195456218390152
24.18	3.8675439817135190258250486	-0.20996078191574979695552513	-0.4028824158707700985281241334
24.21	3.881373215630671429289375403	0.09248856926057732509901236	-0.6261374347381048351398286393
24.24	3.859843994429831081771247664	0.39771546363322294160360377	-0.8498127247421315274104043818
24.27	3.8026067588429711679130538	0.70261329209157420740288375	-1.0725433572012179790199569685
24.3	3.70962501671122261280912981	1.00405299731514986161299549	-1.2929372492990155305221854257
24.33	3.58117784529469772350628034	1.29891122259877928015156262	-1.5095820655494680111629107891
24.36	3.41785895295743139543862142	1.58410047800855981270031852	-1.721052297401314650044940759
24.39	3.22057241815377874643632675	1.85659823838188641108487263	-1.925916502077783097192654671
24.42	2.99052681437537584973037129	2.11347252234680014301378432	-2.122744697933267102593625759
24.45	2.7292290761918634312356215	2.35190486343380993239086726	-2.310115930636579844593826235
24.48	2.43847725998697530318326014	2.56921375776949819317961315	-2.486626041179559135417129374
24.51	2.12035003802425233620868347	2.76288002719589380375003412	-2.650895681806024265621288963
24.54	1.77719241726583202565679107	2.93057205747290244238892621	-2.801578638186830907539928015
24.57	1.41160012186321179375618179	3.07016794664646189342168833	-2.937370524297479454685023253
24.6	1.02640536219657434702904923	3.17977450431355118506285119	-3.057017919343763699106586749
24.63	0.62466321642682405236263987	3.25774599308064988988604961	-3.159328012732790854679822559
24.66	0.20963466417871565508085544	3.302704429785763559865457841	-3.243178812703454523517159898
24.69	-0.21523596539760349886068852	3.313559592312701845658195451	-3.307529956261887912755020301
24.72	-0.64634636712060702182615648	3.28952594619372821793985697	-3.35143413226003214704914145
24.75	-1.07996017929500236641976704	3.23013695923993995024556701	-3.374049095899995795829563882
24.78	-1.5122297746135103453950247	3.13525960740362480334544281	-3.374650212123500440513253673
24.81	-1.93922287496821790199896446	3.00510931654260841600424596	-3.352643418163919202443533851
24.84	-2.35695608714466604938164643	2.84026190836190671339907151	-3.307578443368042938589731529
24.87	-2.76143273843926092790702645	2.64166017780277787417002192	-3.239162069082272742744580829
24.9	-3.14868066006664332226564306	2.41061707126612163117447661	-3.147271155261833977600799793
24.93	-3.51478959329632049786681112	2.14881840467920319215485384	-3.031965106258775002479830475
24.96	-3.85595162871803523419312783	1.85832396286603889652687658	-2.893497399101523674768611946
24.99	-4.16850673803602020604838698	1.5415623488040677462742977	-2.732325756881623380509319227
25.02	-4.44899140479946082371277551	1.20131691826969233819275931	-2.549120521102786905666913426
25.05	-4.69418687012970171476347035	0.84070500419504492903540022	-2.344770763421119507190918331
25.08	-4.90116571534406832556465839	0.46315421618765491997910068	-2.120387682181784715010084626
25.11	-5.067337832934674251587955458	0.07237607437160625304472812	-1.877304855014575632677343399
25.14	-5.190496226688034582617813066	-0.32766685452247310843371953	-1.617074967107208819996854743
25.17	-5.26886063196900760936540051	-0.73280370649240938862511657	-1.341462706135883079205351703
25.2	-5.30111594940880863905718418	-1.13870676304699888375243497	-1.0524336083792587456832300347
25.23	-5.28644405054885098808910755	-1.5409468658337153513767159	-0.7521387539936455798114466894
25.26	-5.2245493875519137039590822	-1.93504939215120674168168319	-0.4428953390005077431893363256
25.29	-5.11567851646199340185654479	-2.3165516541537485315267443	-0.127163292026189224914999338
25.32	-4.96063163341125383923388807	-2.68106464265596187104982598	0.1924817511804252621483287643
25.35	-4.76076339182529124659530127	-3.0243394094758392217932166	0.5133786602342610070596327647
25.38	-4.51797215392161148880309815	-3.34233402923661426763479653	0.8328136226966051022894654718
25.41	-4.23467953875063878740080461	-3.63127586955967830411513521	1.148054856251420915622586339
25.44	-3.9138025229890418333595905	-3.88771702800100739309874425	1.45638843137712831810199325
25.47	-3.55871798173032245586616338	-4.10858455230084779768665308	1.755154357477235356406323603
25.5	-3.17321751097665767654362055	-4.29122721652554596656909048	2.041782062083408063306858934
25.53	-2.76145170590082777444658557	-4.43345731140407942315004545	2.313824405829255228647194885
25.56	-2.32786689140740970206168692	-4.53358333990189005057116915	2.568989424983411237188442975
25.59	-1.87713939871249395784136733	-4.59043093212799135074079442	2.805169075724887343275925906
25.62	-1.41411019678938970150590177	-4.60335312243683139509878641	3.020464365265879051686230989
25.65	-0.94371847568791945716634147	-4.57223292630531317462678738	3.213206387901820365354902262
25.68	-0.47093178346802386743437527	-4.49747911045011055347301649	3.381972931435865428856408036
25.71	-0.00067419772313540061384921	-4.38001328134571600726932624	3.525600472942910217147703093
25.74	0.46224167849737732457658779	-4.22124697368855939604609049	3.643191534308735557329116012
25.77	0.91317402724177806584406189	-4.02305083148301311836836784	3.734117509840051701387945221
25.8	1.34770330912945722781778648	-3.78771960157926662909648731	3.798017204064611921726073418
25.83	1.76168055814493413764784393	-3.51793407492298889550414604	3.834791422707432103625438912
25.86	2.15127396324806092507731883	-3.21671806450368578012245657	3.844594040543267217049191288
25.89	2.51300930471969688328707752	-2.88738996795355277143715058	3.827820024971608243103864107
25.92	2.8437993650435045953641244	-2.53351277895751137497828906	3.785090924014437429718219475
25.95	3.14096337532226626996500825	-2.15884685471767732332481936	3.717238333753637834461349301
25.98	3.40224177366171456053590132	-1.76730479589807608906717473	3.625285845937572248057377221
26.01	3.62580858696420204800294886	-1.36290442818072693367245555	3.510429945355415085850334946
26.04	3.81027857818309769381935362	-0.94971928231166196233059591	3.37402028282570277938321382
26.07	3.95470635226277869017153921	-0.53183132112675682480950469	3.217539697609054691062934569
26.1	4.05857898682120174618152613	-0.11329017877252878164310661	3.042584306880649548920277495
26.13	4.121805786220806727613889381	0.30192254105295106158718187	2.850843923296922032731559908
26.16	4.14470618030409648901168361	0.7099286582146619391618512	2.644083007761647405992251168
26.19	4.1279939417886960677538768	1.10699019888949461347750018	2.424122315617704573212514452
26.22	4.07275666483100822469861617	1.48954424941039423536921147	2.192821352279014329712170417
26.25	3.98043221461424462244907871	1.85423183775237513571849811	1.952061719642663069225789833
26.28	3.85278454467534156679943629	2.19792078695077774233977925	1.703731407670314168388754545
26.31	3.69187902471901860731610219	2.51772609280375560373655237	1.449710065901007027157213711
26.34	3.50005534873097403468658178	2.81103057901800927408861371	1.1918552764907217355204473721
26.37	3.27989695576475376271278775	3.07550480064460791289451051	0.9319898424751131734577772604
26.4	3.03419858857991581498221352	3.30912296239657970276565491	0.6718901009373251724557409006
26.43	2.76593470113983152126820544	3.5101732346369789727067549	0.4132752691913644944061436994
26.46	2.4782294588698889018644172	3.67726403507410858673640397	0.1577978315831879697125255589
26.49	2.1743263745412099792465232	3.80932889779762809569039269	-0.092965026151366647590700887
26.52	1.85755547177953369641420349	3.90563058983482016404515802	-0.3375189298286635195447835525
26.55	1.53129856800758911446230836	3.96576274140644821887114364	-0.5744587755326049107903871517
26.58	1.19895571235399693898480223	3.98964719417209883321725997	-0.8024741383855753550148287979
26.61	0.86391508777801157435512336	3.97752734572885173016266736	-1.0203536437184474502865753529
26.64	0.52952551281503816799797136	3.9299593502892479627951001	-1.2269883230680833920637850925
26.67	0.19906867817633991780023052	3.847802347622582125008818552	-1.4213739890695936767101602683
26.7	-0.12427020527196921872150329	3.732207038800362533978757897	-1.6026126758512202607103697321
26.73	-0.43743129477510295723089949	3.584601355144103313470540098	-1.7699132042164492830807506912
26.76	-0.73750520832115973827529611	3.40667336068292645530280586	-1.922590942902526262423873117
26.79	-1.02175341702460335113875195	3.20035297763033666067641652	-2.060066847753660027289829364
26.82	-1.2876264437220365038464075	2.96779361108279200460072375	-2.181865869042157213128608593
26.85	-1.53278276113977087984172248	2.71135286786753780777800231	-2.287614822845222423332307949
26.88	-1.75510812992036260624661067	2.43357091531993438326043035	-2.377039824939148709610362235
26.91	-1.95273222499478379787536404	2.13714677255612773678462768	-2.449963384891494398447239348
26.94	-2.124040399401690702384461	1.82491478143874222729114472	-2.5063012538914504628255146594
26.97	-2.26768214558828400163915312	1.49982270620517428924611151	-2.5460591125178350183088760187
27.	-2.38257946219069876661283947	1.16490989325101785522151016	-2.5693291744273684636862037497
27.03	-2.46793572977669840574667203	0.82328272390175785793817175	-2.5762867693179342824043351015
27.06	-2.523242435611405879719069613	0.47808739346911583666080163	-2.5671869540580396670320464534
27.09	-2.548281739382035794053988603	0.13248337564572400135478427	-2.5423611852290034409264970209
27.12	-2.543126321194875262685943852	-0.21038011426892564448048014	-2.5022140702011247925329614755
27.15	-2.50813892914186800025882094	-0.54738673421112193254371644	-2.4472201979745829084493613087
27.18	-2.44397118774125550267398923	-0.87547839553704615592590925	-2.3779210360604452084934729347
27.21	-2.35155914409749998978104098	-1.19168356242016665564842009	-2.2949218663146814389802118506
27.24	-2.23211490288981828044564355	-1.49314490433126708398035335	-2.1988887214582938869047606842
27.27	-2.08711643933487341333947467	-1.77714378513883808830541268	-2.0905452755183111376529507621
27.3	-1.91829703559643869557694992	-2.04112299423804673693238487	-1.9706696359943444493548810383
27.33	-1.72763279542617202505379507	-2.28271052961753715852741054	-1.8400909834506203081210995341
27.36	-1.5173257595684061952258712	-2.4997447419784725577144863	-1.6996860055660950538516187421
27.39	-1.2897825916878145361398382	-2.69029839629683447388947496	-1.5503750774023937079480220799
27.42	-1.04759132110850704236108158	-2.85269948448192077855963754	-1.3931181475675852833062243984
27.45	-0.79349797533622728090471285	-2.98554898883339436053446085	-1.2289103007013917196709283265
27.48	-0.53038206445506353829543547	-3.08773704057451302053875371	-1.0587769797737446665523279735
27.51	-0.26122846496224430503929676	-3.158457779853758735772616812	-0.8837688664328513016559927875
27.54	0.01090494916270657451987352	-3.1972215138443044097025662969	-0.7049564333176384850030957378
27.57	0.28292171444649242719282232	-3.203862690050075697137706794	-0.5234241980524545500219402535
27.6	0.55172040390794040927740533	-3.17854364274169760659923112	-0.340264723735272818162686329
27.63	0.81422687751109886877305517	-3.12175505836904873720950323	-0.1565724243040579868281016428
27.66	1.06742691857776953254833448	-3.03431345737286950094254057	0.02656275551843098102417041211
27.69	1.30840075991056705988123942	-2.91735473921494040335814721	0.2080617075622242011001093856
27.72	1.53435849381143152288154042	-2.77232279768575110746136767	0.3868624915882790462545975434
27.75	1.74267352737569005246600443	-2.60095360457573207134987936	0.5619265459683230927991883878
27.78	1.9309121490521458655631199	-2.40525628960792885020265025	0.7322446950970601882319405493
27.81	2.09685978800312954667111407	-2.18749214332356619836946161	0.8968428766517310302551633447
27.84	2.23854576522894128372399654	-1.95015083352043982236273644	1.0547875206595335456632819168
27.87	2.35426697216238833270187751	-1.6959225922483391259592575	1.2051905238090824788928486502
27.9	2.44260874389971103119786754	-1.4276666332181796714878973	1.347213775875896450005119933
27.93	2.50246087779312887096656167	-1.14837797455117923206547107	1.480073209755872368602830449
27.96	2.53302864065388102556090741	-0.86115477330659533153817994	1.6030423616008926268758387839
27.99	2.53384037703140013931301585	-0.56916605555833609898784163	1.7154554421180621100081097034
28.02	2.504752857548152777800641474	-0.27561792711437541690070049	1.8167099334724264873743189518
28.05	2.4459535580984771640553544659	0.01628265227751975639682315	1.9062687377609578564092425029
28.08	2.357958338847835726821595039	0.30336460796871040301742774	1.9836619121697587215968160525
28.11	2.24160456624678284571907158	0.58252691148890738792135688	2.0484880323049388025102202272
28.14	2.09804143174009372960200863	0.85076935423739119995365446	2.1004152285830212551168816539
28.17	1.92871851409420572464121953	1.10522222533504737555741064	2.1391819409290668078589784302
28.2	1.73537137212884113984974207	1.3431770359150862542170426	2.1645974344715951344870138288
28.23	1.5200026068676290118603594	1.56211703675286806792653237	2.1765421137027900656173224288
28.26	1.2848593448275911182156862	1.75974421151908906462195596	2.1749676650796820757771097091
28.29	1.03240985726977412305904435	1.93400163870211087492960244	2.1598970487724887292661953737
28.32	0.76532001518576679418141126	2.08309345143796688754731421	2.13142434979588352357412332903
28.35	0.48642714505717657397134301	2.205504325794949536401846316	2.08971448771633304435189844068
28.38	0.19870936758807178409463244	2.300017234371560638566247859	2.0350027731670034162692342064
28.41	-0.09474782318759901551689684	2.365726989555120370193157451	1.967594289170234358940489418
28.44	-0.39078436145388645867573992	2.402049338741430354902878661	1.8878630663828289268794132056
28.47	-0.68619705885026099258294897	2.40872737172893139756127589	1.7962510143976045264839201896
28.5	-0.97777211354292755010932557	2.38583592738987148381953215	1.6932665666248159386174716937
28.53	-1.26232059241299852584080498	2.33378248571144583332449383	1.5794829943962366282629737701
28.56	-1.53671557976521690463465478	2.25330302288184656662817428	1.4555363470062001983426851687
28.59	-1.79792792621520871461760028	2.14545340979387206920099394	1.3221229785000974359492169864
28.62	-2.04305911831848934491236546	2.01159814969378466747848903	1.1799966290517979675361564834
28.65	-2.26937240683288381803276421	1.8533969516252735571448646	1.0299650384814674920358343614
28.68	-2.47432379361193750173062806	1.67278762579887220768657763	0.8728860814380728975486275136
28.71	-2.65559253868927685989987997	1.47196379511470238882160628	0.7096634274451834556788690604
28.74	-2.81110906243175690866109982	1.25334808502603398421716606	0.5412417437035722727513533212
28.77	-2.93907851961997681859036331	1.01956319448576509000117005	0.368601473494166940252466761
28.8	-3.03800017205953568064448649	0.77340246276674083707444283	0.1927532374231543263030403487
28.83	-3.10668368302516435024450537	0.51779918176789437339796743	0.01473191779746425742462337954
28.86	-3.144262608092773966023838097	0.25579283667572253124564945	-0.1644095026292705372757816857
28.89	-3.1502039967940590159938548991	-0.00950793386404433940675873	-0.3436062680795679351505399612
28.92	-3.124312971897059148539556121	-0.27496336815513672146738642	-0.5217882588814886718937978331
28.95	-3.06673245959878772744425057	-0.53743881696641305741889269	-0.6978863963650959008102772713
28.98	-2.97793922154341164752829495	-0.79383852544182709381125495	-0.8708389597352818615345084775
29.01	-2.85873678827803184881615593	-1.041138625313089189127389	-1.039597736795776976969151209
29.04	-2.71024465300781255838234913	-1.27642083280267707849213748	-1.203133939268968964742750758
29.07	-2.53388296775374576920139313	-1.49690589141254459896279012	-1.3604438250361157509799509623
29.1	-2.33135338497415661624292704	-1.6999839723419136302973057	-1.5105539832701880459583509685
29.13	-2.1046179020729688277542005	-1.88324028317528728045562511	-1.6525262534004727546853433388
29.16	-1.8558768723200523546981274	-2.04447689583559403995904344	-1.7854622643272918514893252157
29.19	-1.5875453869936248439237712	-2.18173304503860544135171527	-1.9085075954803300402857712055
29.22	-1.3022265403447961015875244	-2.293304426270795806476677	-2.0208555754059775754038420771
29.25	-1.00268191391030958586800115	-2.37775956387739369643006714	-2.1217507458774298769359347361
29.28	-0.69180191382693433093812054	-2.4339513446257332393275699	-2.2104920294584863652301429832
29.31	-0.37257819031811714991001237	-2.461024362092736581895618687	-2.2864356455684527615209874566
29.34	-0.04807723338861652031263789	-2.458420392532657116002940369	-2.3489978240954915174578372924
29.37	0.27858775598601397894602723	-2.425882787189146905842440204	-2.397657366354149755378877859
29.4	0.60428749031434831020417164	-2.36345804196247831688153743	-2.4319581007042399906780148574
29.43	0.92590672392921826382070004	-2.2714931564264832956668523	-2.4515112746191614358926832811
29.46	1.240370743564943830969627	-2.15063023831886355508825746	-2.4559979167270495515250859774
29.49	1.54466908100176329544612166	-2.00180066783158533403423565	-2.4451711917838295111440653927
29.52	1.83587997870697643206120712	-1.82621836572900735201074556	-2.4188587592098125551054839722
29.55	2.11119678737220265575019861	-1.62536951265293805209231464	-2.3769651323448283460250446043
29.58	2.36795362414465140557129684	-1.40099805954043166475483232	-2.3194740216172554743445397505
29.61	2.60364762063724810339040019	-1.15508972564520407773662987	-2.2464506310712457619563738202
29.64	2.81595843193542747630490692	-0.88985687019470205073360605	-2.1580438648421004476084764936
29.67	3.00276745802011878433896304	-0.60772296739418599439766132	-2.0544883888667299665627864823
29.7	3.162177414095168140079729386	-0.3113034695269638520510802	-1.9361064839542430025389567169
29.73	3.2925304644702521660545465405	-0.00338220068613009685731492	-1.8033096198148142037982928066
29.76	3.392423317668212807491039618	0.31311404836562429464260897	-1.656599676121057105482292825
29.79	3.46071975899914291184155275	0.6351397860603121667430192	-1.4965697363706172639080781614
29.82	3.49656203285252512731046853	0.95955415913817125385476574	-1.3239043832732490540174543392
29.85	3.49938115676359931387153971	1.28314619540929825593525295	-1.1393794304547009231534652333
29.88	3.46890464422407769663910654	1.6026637939705825414822407	-0.9438610341172923874744191458
29.91	3.40516046885917767875493442	1.91484501894630628784574534	-0.7383041394053728554205894923
29.94	3.30847797964520819191135406	2.21644852386540705479912901	-0.5237502289153006776261281581
29.97	3.17948740638311670239004151	2.50428161203965382243493127	-0.3013243542618326301094571539
30.	3.01911828132305966920756758	2.77522740923091669667325035	-0.0722314449860903442830207997