lambda	x	y	z
0.	2.175713172881684690464136498784	0	2.175713172881684690464136498784
0.03	2.161548039473577824210444973	0.3019890724909180094060920178	2.16908554087221475663401156409
0.06	2.1192097677250664993176802977	0.6008616830265303003500591035	2.149238680293426959302461016
0.09	2.0491690054269486642344956866	0.8935312421416898182427261343	2.11628060597854358554009943414
0.12	1.9522064270927620317282982596	1.176973180484087886156173391	2.07039103263839965794813446883
0.15	1.8294046619568661732481358389	1.4482582986702827042234287238	2.01182089278659745890530296516
0.18	1.682136171061064051913389451	1.7045841873028006841577456565	1.94089162878074428436916865539
0.21	1.5120492814817960391967165057	1.9433033868005538302444846691	1.8579942283564033242203118049
0.24	1.32105308544372698916798023	2.1619498459804045838113554673	1.7635879676315182113714518418
0.27	1.111299400775006797694689425	2.3582654401085467401477022472	1.658198822462924221396685052
0.3	0.885159993805984835363179259	2.530226012455793772798161187	1.5424175085268945850564020482
0.33	0.645199805598246535270622146	2.6760648166664878128806414054	1.4168971127284743534418761412
0.36	0.394148731222912645914344435	2.7942921158988062666561719947	1.2823502835342133403195119268
0.39	0.134873387236324011659053769	2.8837115182971072821906508494	1.1395459554354124495443533042
0.42	-0.129652246807870283729268671	2.9434340351131599746488947757	0.9893055927004774371699815409
0.45	-0.396379279895234870814980867	2.9728896048440547122839092914	0.8324989494406425794157932327
0.48	-0.662219584620611257697895299	2.9718347654215412201555201774	0.6700393562443725462327737016
0.51	-0.924082457558833177461682066	2.940355659161025332119812807	0.5028785575853166853794387599
0.54	-1.178909790932915077615257329	2.878866905575166135744945096	0.3320011381658530262793996707
0.57	-1.423709319019972588913634932	2.788107327403471996031132564	0.1584185895883088510619320004
0.6	-1.655587412837495679286576306	2.669132539774429305026048102	-0.0168369194655196136506999299
0.63	-1.87178255186163621722728404	2.523303348577246406375715021	-0.1927189966681496772678036718
0.66	-2.069698501120252430774731344	2.352269262746179602983246377	-0.3681736231499878659241704454
0.69	-2.246934805218560052357573316	2.157947968319327990272044689	-0.542145810295184170413466159
0.72	-2.401313045175657410019983285	1.942502551527482186232230223	-0.7135862314772755471934660644
0.75	-2.530899374371024280993849791	1.708317395229034683490476669	-0.8814577465079558365128930593
0.78	-2.634024817119777472424838974	1.457971950120706988414203261	-1.0447417422516494313458094304
0.81	-2.709303718849164651610422878	1.194211109899807408823546393	-1.202444221365127317722344646
0.84	-2.755649040652369118485834754	0.919912479278396660709559383	-1.3536015819719579880240604088
0.87	-2.772282988301317532129850968	0.638052760253710938202693457	-1.4972860436680855490895548222
0.9	-2.758742992937342167944795103	0.351675468094817653268801438	-1.6326106888838134778389726516
0.93	-2.714884441140929379903456168	0.0638600091604313980732393	-1.7587341025635300492257675157
0.96	-2.640881118649982224385703603	-0.222309779559179645262697905	-1.8748646066344280538169742526
0.99	-2.537222744316539514743217642	-0.503778838239789675531420154	-1.980264098129965739738593294
1.02	-2.40470844111874955036478136	-0.777554357299670805755401129	-2.074251510504215333482279688
1.05	-2.244436389755874941547307567	-1.040736559374260376894332215	-2.156205926121190079548691992
1.08	-2.057791400675614608240698009	-1.290545611310276381290803338	-2.225569373762277712553468921
1.11	-1.846431466056118884648397242	-1.524346565863158876237135891	-2.281849348043609081259376693
1.14	-1.612272156602148462356587814	-1.739674743427723446109387401	-2.324621087802083896080827877
1.17	-1.357467165087829131088468495	-1.934261127032234142097713744	-2.353529647869881737794431438
1.2	-1.084385638398115693972570815	-2.106054898310017645680414604	-2.368291793427334970095581973
1.23	-0.79558910603754730835037955	-2.253241573558812416707412402	-2.368697738642550261636590168
1.26	-0.493809366780268221940613723	-2.374258423997246804209317502	-2.354612742019509974284125209
1.29	-0.18192524475227122539096019	-2.46780938232254238626072031	-2.325978560316783962411257462
1.32	0.137064439201005419096602346	-2.532878912312187903914270758	-2.282814751661152841292367586
1.35	0.460070998662878900330887023	-2.568742554174678706609885046	-2.225219807196421993747278306
1.38	0.783945747362071023828725771	-2.574973503884576618858635043	-2.153372079920229441973438066
1.41	1.10550779585136331229223148	-2.551446888320827165315829463	-2.067530469896453282793388674
1.44	1.421571527399971773960077839	-2.498342929451269296917772388	-1.968034817368290728081026227
1.47	1.72897639791977002048858797	-2.416147827028771420566745357	-1.855305949943933956487397863
1.5	2.024619097913632709151946754	-2.305650430153583758085974686	-1.729845327388751768191656841
1.53	2.305485485913466692439824454	-2.167934665397135506528514773	-1.59223422791474861435766272
1.56	2.568680079606879090486879816	-2.00436963872260637834871844	-1.443132423342459016069376685
1.59	2.811453396876432536146685774	-1.816598745148151803174944823	-1.283276297092495178085804716
1.62	3.03122891220690374262202475	-1.606526754179786502815932655	-1.113476368443504677212943354
1.65	3.22563031555743475918543095	-1.376302699043705515508454091	-0.934614198501098397372198558
1.68	3.392507708934119821309723503	-1.128297985178463704602828267	-0.747638667331803971331867266
1.71	3.529960799760697023783217432	-0.865081653917723201674196044	-0.553561627065835983322424237
1.74	3.636358494808091601019726717	-0.589395265676268344190319712	-0.35345295169900281602909592
1.77	3.710355769912867153759308185	-0.304127784394739687771732498	-0.1484350200038254071643472369
1.8	3.750908587906151223545245227	-0.012288558994814843274704981	0.0603233174422613622723449391
1.83	3.757286318682027441158295934	0.283023317762817249230732606	0.27161322338283076728622496
1.86	3.729080380347784505344131301	0.578652456155150639724739517	0.484192737292802085944706078
1.89	3.666208629066476954467391294	0.871420524558220722290748214	0.696793936206842499158203342
1.92	3.56891635115269163644655512	1.158157335995126346102195342	0.908130308633597921316880987
1.95	3.43777486454842507107684131	1.435730234035526549439599342	1.11690425746962833629595895
1.98	3.27367751743261399405025384	1.70107404700907925675459802	1.321814651747165312961756297
2.01	3.07783189828678183332645419	1.95122262114938970281091354	1.521564354388076516143088994
2.04	2.85174779958473449159685202	2.18334016046286515287057821	1.714867663433661236016026089
2.07	2.59722225084352600230762595	2.39474950254651488362198809	1.900457616842376201533902095
2.1	2.31632356715102786067216956	2.5829563649895778589748947	2.077093125125611008469478548
2.13	2.01137478969833181485656618	2.74567134838084439422525585	2.243565910965532691676755618
2.16	1.68493480765592228734481744	2.88083188446610219076916833	2.39870724962885550981071214
2.19	1.33977555040597734110257862	2.98662393534127239267623803	2.54139451756586033856661875
2.22	0.978856245473548428776332802	3.06150105244673828540194808	2.670557568231465265748586707
2.25	0.605297850120638899288489974	3.10419920985439474784023633	2.78518496314939663528602709
2.28	0.222359403673597808271330757	3.11374864259567587038777233	2.88433009195934457182873803
2.31	-0.166585653726768743722971314	3.08948499116102737577215538	2.96711721719801238041743307
2.34	-0.558076603147211816761695818	3.03105983352316293953045821	3.03274747760415674730525192
2.37	-0.94859629780379757523243009	2.9384483008783148127072315	3.08050487773014932366698788
2.4	-1.33460205308624059454672362	2.81195256119791433410207477	3.10976228170599692278427393
2.43	-1.71255348923667072881152821	2.65220307536295803009330378	3.11998741544353847971840818
2.46	-2.07893891981606795581659106	2.46015980540191446117415278	3.11074886487691822753662329
2.49	-2.4303043259292328969669756	2.23711214497260110059680267	3.08172203866513071480333278
2.52	-2.76328587855940459000243253	1.98467428258315435259848142	3.03269504293494632494611072
2.55	-3.07464279039574075418937678	1.70477537135767627732304099	2.963574394040969835428036
2.58	-3.36128756485333861166514739	1.39964758394985551220753185	2.87439047397781151034771639
2.61	-3.62031445673565011100355878	1.07181449161274687968524573	2.76530261306522592037547383
2.64	-3.84902879160433154890040332	0.72407797460883337855440818	2.63660366692003906275267377
2.67	-4.04497767977232645652459039	0.35949972813279824368991443	2.48872394057225440475356331
2.7	-4.20597992565605202470541871	-0.01862384183897318295813207	2.3222343028332749498363916
2.73	-4.33015307068311909114537171	-0.40679042872946131855312375	2.13784832949814780431210762
2.76	-4.41593779545639729383701943	-0.8013209307087294082442511	1.93642331528625820349749644
2.79	-4.46212102917744209502467001	-1.19838891380851632097500698	1.71896000198339999573485105
2.82	-4.46785769695736936368430615	-1.59405365294704820993610439	1.486600884155008438367096739
2.85	-4.43268913035034926663072377	-1.98429914208843570816034049	1.240626973868597241176039329
2.88	-4.35655634529478262979969823	-2.36507770581508921701206059	0.982452931599112513559330773
2.91	-4.23980845801772083687083472	-2.73235441668805367027846527	0.713620501104505948594613432
2.94	-4.08320782612250826959986885	-3.08214994969198127353932399	0.435790220497162984728234539
2.97	-3.88793233058229889504966927	-3.41058291115353548556809475	0.150731418734558575705747842
3.	-3.65557293013720572777267799	-3.71391413709152654365421753	-0.139689455099241141290856987
3.03	-3.3881241296019866278129644	-3.98859342858089055164904206	-0.433522084522052542753018891
3.06	-3.08796722561392138116446721	-4.23130608357619165964392122	-0.728746999131560628454972125
3.09	-2.75784877715353922220971512	-4.43901586465568685295741436	-1.023291594609784981298415839
3.12	-2.4008566773316192791363961	-4.60900334162516287159939433	-1.31504727630651982946572156
3.15	-2.02039339064120591456465571	-4.73890110630811841036168808	-1.6018875198487364157081109
3.18	-1.62014357784515312867742784	-4.82672729981679864204086314	-1.88168662431331301241983441
3.21	-1.20403442567477225234698395	-4.87091651292872595869025895	-2.15233892153794934329746856
3.24	-0.77619067730450873299832823	-4.87034541245560755757327546	-2.41177819905870364405018834
3.27	-0.34088858328931611700460707	-4.82435149181823071069998775	-2.65799709358663911660928712
3.3	0.09748896369943459393993966	-4.73274581694830331659559729	-2.88906621625909130654205098
3.33	0.53449799085361239471839356	-4.59582144989344394645815259	-3.10315277933055416058215132
3.36	0.96568309819865988989554029	-4.41435742043739173339371564	-3.29853850560537216347464886
3.39	1.38663137536993253984525673	-4.18961620385578975775946594	-3.47363661583233400870802417
3.42	1.79302629979408533555649303	-3.92333350951050425346303768	-3.62700770459938937776633484
3.45	2.18069705236134503045332147	-3.61770201063858016842337792	-3.75737433121666618853029423
3.48	2.54566327169792276223593557	-3.27535158990029124144695789	-3.8636341680534463473771359
3.51	2.88417923111120038035718569	-2.89932595616912714794257789	-3.94487156439475862931252696
3.54	3.19277961171650620255269602	-2.49305259702360629211346255	-4.00036739891697102808432854
3.57	3.46832365264508291697103598	-2.06030458996140912016954058	-4.02960710837513316457529855
3.6	3.70803270018939288952187809	-1.60515754083837808744603354	-4.03228679426975101643100282
3.63	3.90952047031123153722207573	-1.13194627541116334802197044	-4.00831732350129398890939165
3.66	4.07081958395538171086792929	-0.64522125471085423220998715	-3.95782635382736380618361161
3.69	4.19040625902127936714658463	-0.14970017435648426364755394	-3.88115823087173741779873431
3.72	4.26722041206233696002836218	0.34978752642900770060393826	-3.77887172105919176227849064
3.75	4.30067782891036451006427473	0.84835926590548916495756393	-3.65173556466718657732506759
3.78	4.29067496856702113500307809	1.34113523173692443515432679	-3.50072185557676062585505203
3.81	4.23758930331933937808244509	1.82329060425273282742523673	-3.32699727947765799870433063
3.84	4.14227573811896858093479138	2.29010793567954682356825063	-3.13191227022505813111963747
3.87	4.00605647084440833606179825	2.73703243498761307480256508	-2.91698817449483036753682309
3.9	3.8307023482145639539553821	3.15972783117163963483529275	-2.68390254731153022865227391
3.93	3.61840738654905832674971909	3.55412783435382897661522559	-2.43447273463408414484480486
3.96	3.37175983912183231069790127	3.91648068359295065185466473	-2.17063793294089330866536679
3.99	3.09371085915858338434658686	4.24338838260906989523156122	-1.89443994842045767311558985
4.02	2.78753851788302321258319266	4.5318432249838806987940645	-1.60800290856713241490861201
4.05	2.45680492439696719289897387	4.77926153707439835643597608	-1.31351220526344613068813395
4.08	2.10530763831355600695384653	4.98351179959917309672336667	-1.01319296938702726012204041
4.11	1.73702948079521252190436238	5.14293459784803677393050167	-0.709288391321384274286078197
4.14	1.3560898583243770877018844	5.25635451964483981833037466	-0.404038208403739160854278528
4.17	0.96669696888517844704880664	5.32308596831537480166094839	-0.099657678542914001998293148
4.2	0.57309807293862196743831736	5.34293407088872849790336589	0.201682651405764259000056128
4.23	0.17952690687498507964034676	5.31618987095326036454663546	0.497876093382555025966504308
4.26	-0.20984882496554576929913047	5.24361844596926353695946486	0.786897620659560232998429103
4.29	-0.59097548791797408530778243	5.12644012371162798881260479	1.06682009909047494714315824
4.32	-0.95995534220061946952294384	4.96630663793478035757284244	1.33582876238302904414755166
4.35	-1.31308429276349263921454581	4.76527384583281896316909352	1.59223379263170014584355278
4.38	-1.64688856570039370842139217	4.52577095584691932611553507	1.83448091598086661210768898
4.41	-1.95816030691993122648810063	4.25056539115962733992798908	2.06115997267375481358598116
4.44	-2.24398872781247294736287223	3.94272370053891451137289964	2.27101146892555803885014991
4.47	-2.50178361570716478079682761	3.605570820466276280391524	2.46293116319347654565260001
4.5	-2.7292916613392596901504085	3.2426499565930288370229384	2.63597277986420666125995289
4.53	-2.92460904641188122468703359	2.85768307612149744978863065	2.78934897779335295054086213
4.56	-3.08619271879787939262564782	2.45453014230453930021985777	2.92243072851394233182426962
4.59	-3.21286909890845437320010599	2.03714633519567981581916849	3.03474527866865571386940079
4.62	-3.3038371525986562498281792	1.609539583366768117727577	3.12597288308975310475919943
4.65	-3.358665094509694300685228	1.17573187906251574237454844	3.19594249910448314773250951
4.68	-3.37728348634900898176859268	0.73972501394521043307900922	3.24462662957398756979719554
4.71	-3.35997760533432425981512229	0.30546758449008583905940901	3.27213549266050342901725071
4.74	-3.30737858805926698631335905	-0.12317968192065796073697303	3.27871068136815436986756883
4.77	-3.22045076823036236537023898	-0.54247879650266858655036538	3.26471845668465376430994324
4.8	-3.10047483169846486110781455	-0.94884510061278887747105961	3.23064279592670543379646345
4.83	-2.94902955046716308853215992	-1.33887188008921819495980781	3.17707829395319299906440177
4.86	-2.7679740142609388168831569	-1.70935238323127889900628795	3.10472299052257001613522334
4.89	-2.55942861666277019495565725	-2.05730316208117601214838231	3.01437117342169923952102869
4.92	-2.32575221710721398632309641	-2.37998809599123703254313143	2.90690618515015315288877784
4.95	-2.06951626803768652101502097	-2.67493916000575237628059428	2.78329324181966627403147441
4.98	-1.79347925095097298635394876	-2.93997203935084861703905898	2.64457225725499117752759241
5.01	-1.50056272242146777889900699	-3.17319869210258249707567608	2.49185065359151017808059961
5.04	-1.19382648636899246798644804	-3.37303962935706912687157498	2.32629613227558518263936919
5.07	-0.87644002056023862107521533	-3.53823582833081299772076791	2.14912937638658812512127072
5.1	-0.5516507170333888374248574	-3.66785794167183387753268124	1.96161665649889258358779425
5.13	-0.22275232184026149674036438	-3.76131135405627592525463694	1.7650623175639165026285391
5.16	0.10694419272619581849684816	-3.81833792777461718799316023	1.56080113300133344320865911
5.19	0.43413860544349650585917357	-3.83901591656318367313524796	1.35019052366300090824701042
5.22	0.75557118546893523123658966	-3.82375803413101967299085522	1.13460265275759409148131184
5.25	1.06805507350813575483777151	-3.77330626166803768064332063	0.915416422290059299786342726
5.28	1.36850896820994258325714491	-3.68872248902734989806066965	0.694009411123652821776097745
5.31	1.65398700010124715440264019	-3.57137574518461389476052698	0.471749808465020580508761297
5.34	1.92170500529497190142322256	-3.42292741226007061906473609	0.249988408514864381138588563
5.37	2.16906507596277917603897529	-3.24531464060242507200200718	0.030050741438962193249769513
5.4	2.39368033308011920200340068	-3.04073073197899363074536389	-0.186770577926005431370339074
5.43	2.59339946216008886417889561	-2.8116014785119191203693708	-0.399223199538894533125174759
5.46	2.76632849828312579774115505	-2.56055826122441900742111401	-0.606102002811821041769578143
5.49	2.91084789120210481032977633	-2.29041003175411204752317047	-0.806255598359046936600317236
5.52	3.02562526848960143049484301	-2.00411547876490522207105193	-0.99859229713849933760141829
5.55	3.10962581489998393044299181	-1.7047545627995243094950055	-1.182085488754048225242743589
5.58	3.16212125650313115564512518	-1.39549768322449196280376226	-1.355778384588056512258209258
5.61	3.18269638440127530968930583	-1.0795722731220247217103412	-1.518788097008603772860646255
5.64	3.17125138192979801043075321	-0.76022899824789242285936165	-1.670309042303165133869595527
5.67	3.12799967311431005892120358	-0.44071017579503093665329369	-1.809615671364017556735965877
5.7	3.0534627526171782557312285	-0.12422080103423062447751684	-1.936064547651995207449161787
5.73	2.94846336031877190445769912	0.18609991255493396197677805	-2.04909580583309345035345564
5.76	2.81411665841192009369665034	0.4872083675613197071911555	-2.148234036073369867219520555
5.79	2.65181808713241119508896542	0.77618684635209296566135567	-2.233088647796950029169751392
5.82	2.46322774282534359005904193	1.05027111103097641267058089	-2.303353772433605006769794505
5.85	2.25025292100342737942391834	1.3068735524499540662563875	-2.358807767157228468193650514
5.88	2.01503026095078826233428557	1.54360349658186785668492433	-2.399312380870452030081686228
5.91	1.75990668562562835206047977	1.75828757001832488514300659	-2.424811639913227618846124516
5.94	1.4874171582113378833281087	1.94899046627242322643366205	-2.435330504499449860900568968
5.97	1.20025924424419432202796029	2.11403335750488587834497747	-2.43097333817217643526121948
6.	0.90126712138100726708537432	2.2520077521461578124898259	-2.411922222165780167913951994
6.03	0.59338700300324335331838746	2.36178596948100525466700817	-2.378435135089017243131655586
6.06	0.27965243561454047025978998	2.442530770726990164621394978	-2.330844006449211663111880169
6.09	-0.03684351493939654677591096	2.49370428948419481750185767	-2.269552640884334211374262297
6.12	-0.35297932158918611094597402	2.51507400980097186904697375	-2.195034499195638907909155134
6.15	-0.66563615631113829145644248	2.50671455458004462655344183	-2.107830312970285282121884205
6.18	-0.97172672132059264417194888	2.46900659065783702743586096	-2.008545502270469094958953633
6.21	-1.26822284280714425074507488	2.40263437542801696101620698	-1.897847360967701966902479617
6.24	-1.55218453995313563985093411	2.30858127052057982172401445	-1.776461972127978984983591838
6.27	-1.82079119210544127360022574	2.18812127055264485759655403	-1.645170816584266230203731799
6.3	-2.07137254697426006070559932	2.04280602430192411931798027	-1.504807041502018593461503014
6.33	-2.30143706714365976308807951	1.87444895287644459007866793	-1.356251362235830736495229751
6.36	-2.5086973563322572186039757	1.68510807114917342320093587	-1.200427579824638358142016369
6.39	-2.69109419510325394107966539	1.4770670438477781830427281	-1.038297707669543559818980445
6.42	-2.84682010080328707095898155	1.25281254412758850934306533	-0.87085671374496947215250522
6.45	-2.97434137867624433691598153	1.0150070227175985519855556	-0.699126898469308779226998919
6.48	-3.07241675610122653883774141	0.76645837534694343588962982	-0.52415194239246734608546655
6.51	-3.140111726427827310242644006	0.51008896035865065206102777	-0.346990671398179098732702253
6.54	-3.176809227003087414935681897	0.24890488616182389993494711	-0.168710599431514449505419125
6.57	-3.182217474012440614589884658	-0.01403572237909609872331896	0.009618680836636871280542977
6.6	-3.156374675525055290042438664	-0.27565707049501876568443709	0.186932181092508032514369273
6.63	-3.099649514569789056962056113	-0.53290224404860118879118726	0.362176190939289092590847126
6.66	-3.012736846729196330439982797	-0.78276948714239680252723922	0.534314856943591545583594159
6.69	-2.89664930386026584321934695	-1.02234591272327063835922732	0.702336583795700183638719198
6.72	-2.75270587070934550375273561	-1.24883856891998894102100849	0.865260179075982331710779217
6.75	-2.5825175555011250665964086	-1.45960453865836576989126902	1.02214067095838256919263881
6.78	-2.38796928777072289146405815	-1.65218109784523665752380728	1.17207473855309231854860881
6.81	-2.17119758441499697966014471	-1.82431470860679691008782578	1.314205706917037516455488221
6.84	-1.93456504609430913856171951	-1.97398641485638111299621091	1.447728072367393540413558859
6.87	-1.68063355222127733433133263	-2.09943246653501169611908212	1.571891537889962879346207577
6.9	-1.41213694291049741082869588	-2.19916127932362309153639129	1.686004552401843828926392846
6.93	-1.1319521418454990986920026	-2.271968495798311943232678957	1.789437360702007954498197942
6.96	-0.8430674018304425799657682	-2.316950261805408667245928206	1.88162458249385765358970338
6.99	-0.54854828671885169172945217	-2.333513011741262823016736751	1.962067348366683538378386368
7.02	-0.25150394914094816862632006	-2.321378436105797526536929741	2.030335027684787907418814752
7.05	0.04494439236591350977571247	-2.280584420796288062557259397	2.086066587705867979772050997
7.08	0.33769370459377847956522286	-2.211483766464523820648466035	2.128971624837318220941582053
7.11	0.62369059049921288119518944	-2.114740981747227766893705027	2.15883110779255509960367219
7.14	0.89996443194074476731552722	-1.991325564701895096910049812	2.175497868720794576710512976
7.17	1.16365957883011674698371169	-1.842500848999293941610851782	2.178896872468535163059894314
7.2	1.41206389756288195482165259	-1.6698099085318938664774239	2.169025286409463927671553673
7.23	1.64263425528930118853822835	-1.47506047694609079437333306	2.145952364253698366538666393
7.26	1.853021623110474597691314909	-1.26030834685311288333836884	2.109819147476712392930029087
7.29	2.041096606514831457538655767	-1.02783691474006632082098732	2.060837978084283839349576271
7.32	2.204973210676046234085692612	-0.78013232098295609805577107	1.999291806949376546640913262
7.35	2.343028669795922043809693681	-0.51985657936350606716189162	1.925533273496702994631065035
7.38	2.453919739501333486119211476	-0.24982100000201938697377881	1.839983525601473041099404356
7.41	2.536597151971030399739194508	0.02704078276882764707130073	1.743130743670499193322251032
7.44	2.590318478091912444402828109	0.30770268060049865901832301	1.635528330352617479246329992
7.47	2.614657838512127403988898642	0.58907974601545110229513455	1.517792727433201164828546314
7.5	2.609511220543195015426987209	0.86806339866323443005328147	1.390600824325072720684847367
7.53	2.575097902643189722711832681	1.14155558623188254332253293	1.254686928152838315958400948
7.56	2.51195918913661519393822005	1.40650136722383474204454728	1.110839273568178478627421322
7.59	2.42095446892410295983794427	1.65992156746864277543549893	0.959896060811503518817913233
7.62	2.30325324071864621841333276	1.89894681952259922152904358	0.802741022695502199609114067
7.65	2.1603220958353775806296397	2.12085204669488024126044854	0.64029853455588506314844673
7.68	1.99390739184101150460017848	2.32308897420906429141881349	0.473528295131844942867239206
7.71	1.8060153813763600171224687	2.50331508767186721403988655	0.303419620087042854275511133
7.74	1.59889061162918342230830956	2.65941944683403036332856255	0.130985402731849773926239524
7.77	1.37499162072788240533302792	2.78954659760445135222623228	-0.04274419223911123956421324
7.8	1.13696254859817127304467748	2.89211874240877682549931624	-0.216728227146263495884805393
7.83	0.88760091093031969155186426	2.965854802655707897331513365	-0.389921600705867147509234524
7.86	0.62982370005630386970564721	3.00978487637190704044472126	-0.5612816840126154109366388
7.89	0.36663397651337001243741675	3.02325993174999204058304254	-0.729774898785703363776913747
7.92	0.10108812487042048189860138	3.005957745523655724397855121	-0.894383156842786967832025484
7.95	-0.16373779435381390107937781	2.957885789882086605677278018	-1.054110086139553985907811474
7.98	-0.42478360892802336417317141	2.879380568834848540487065147	-1.207986977792138183210142597
8.01	-0.67904121720418838665979745	2.77110248223355823778335501	-1.355078399772102372776876543
8.04	-0.92358866037925529894556062	2.63402630216938491900506597	-1.494487435801139733224821549
8.07	-1.15562055365611740950785755	2.46942853883327760669847025	-1.625360521672664725831013326
8.1	-1.37247591661818590696304977	2.27887275651120719965455034	-1.746891865057260018501728649
8.13	-1.57166544948552221830979678	2.06419245428583562878176094	-1.858327448088879361468868395
8.16	-1.75089854364754222798707774	1.82747038192944650626664685	-1.958968624012882048396181172
8.19	-1.90810790333507274481092372	1.57101438274630595299173025	-2.048175329328171884725456796
8.22	-2.04146961675809055493387748	1.29733171682195008523417815	-2.125368940712967359538672752
8.25	-2.14941901604690743692790079	1.00910374970943132159056497	-2.19003481126159860720141434
8.28	-2.23066457312754552545139605	0.70916051755257156081551596	-2.241724522999050552360213037
8.31	-2.28420089363513821585189366	0.40045290714993642756216202	-2.280057892250550448833217658
8.34	-2.30931923622212615244714999	0.08602170197094144661389864	-2.304724761339580530165002334
8.37	-2.30561366602735081573628971	-0.23103405982886643360246396	-2.31548660451742066807171446
8.4	-2.27298343532624199181198661	-0.54758647374056238029232785	-2.31217796835732174312079648
8.43	-2.21163372422847009063941687	-0.86050622120021208479430453	-2.29470775754268710229411139
8.46	-2.12207507837986836762626181	-1.16669110905586389147980896	-2.2630603665846943098499059
8.49	-2.00511953478547581535036067	-1.46309711108166244660480071	-2.21729664711765293520710412
8.52	-1.86187223262042418543220134	-1.74676967243843506485182914	-2.15755468966512959552528701
8.55	-1.69372009926993491425804649	-2.01487230680940375708115672	-2.08405038877292526197449191
8.58	-1.50231978065361365196744089	-2.26471235402716345835777146	-1.99707775176677814489019472
8.61	-1.28958445050498587696371263	-2.49376610976491270650645817	-1.89700890465989210522607454
8.64	-1.05766705249134228448697127	-2.69970455296330994850529003	-1.7842937443738096876737449
8.67	-0.8089387645805156349646899	-2.88041833969490633129244619	-1.659459184804779563661522387
8.7	-0.54596441980548223185584343	-3.034039951926508790122261	-1.523107945595879566104797963
8.73	-0.27147755352384128363881175	-3.15896247335884616147227468	-1.375916836843607951892001256
8.76	0.01164439442736695018042438	-3.2538560628953082279732993	-1.218634500296322120927788157
8.79	0.30040672181212525876706854	-3.31768286697650102184475117	-1.05207857764488346079970702
8.82	0.59172783352489230941126826	-3.34970957979643107495471262	-0.87713228885590324947343147
8.85	0.88247263003167686107477535	-3.34951624451563863018959335	-0.694740417601041220953242608
8.88	1.16948612959642834654304327	-3.31700093804014587243218239	-0.505904716016000726788439313
8.91	1.44962526139322219634353553	-3.25238127692846838426756011	-0.31167875651707159831765256
8.94	1.71978934318084272424642494	-3.15619354955673473286379245	-0.113162273403592368369807055
8.97	1.97695122771536563288948282	-3.02928891726131725500470438	0.088504949322596813244565593
9.	2.218189872823780559114276	-2.87282535208867693557292743	0.29214957583498202660810374
9.03	2.4407226404246612622400501	-2.68825495822044203109543868	0.49657152501266288592823589
9.06	2.64193473967191762152994112	-2.47730805303777793779753162	0.700551002816195031008857817
9.09	2.81940483636209936130652834	-2.24197579404628060897995253	0.902855675457954984035768244
9.12	2.97092807687197627777728464	-1.98449160185120205870419146	1.102247899707641599496553802
9.15	3.09453813949683054021270766	-1.70730988354802932151264566	1.29749193160666724844634774
9.18	3.18852817214441524793307549	-1.41308080236378083199456112	1.48736104303872826760403747
9.21	3.25146879130839295295678686	-1.10462206441583408897789493	1.67064448652882137408299641
9.24	3.28222173063322421894619563	-0.78489044017918355288564934	1.84615426167339625988297039
9.27	3.27994970982225435794927178	-0.4569548067093473369032689	2.01273165097717288748612157
9.3	3.24412421552634117742053862	-0.12396968414862675014405386	2.16925350775322095359099051
9.33	3.17453180321064985792135762	0.21085324874315314852416686	2.3146382932751225031416813
9.36	3.07127772558345806846764308	0.54427637188163214185422094	2.44785187372073114593152183
9.39	2.93478566874824500560251212	0.87306758497457536829174366	2.56791309885132187022775475
9.42	2.76579432044396791880302225	1.19402883262020154891223782	2.67389919316805683604227998
9.45	2.56535274277493617631089983	1.50402152537839564087197763	2.76495099595492442531568165
9.48	2.33481502714918616948133889	1.79999192416756344961225319	2.84027808878558196825934581
9.51	2.0758322667533669722521983	2.07899883542159799108952913	2.89916384754306921273623886
9.54	1.79034017731151020402557436	2.33824201451562905923781905	2.94097045075465573279636303
9.57	1.48054388804405758155470154	2.57508770763106114146478743	2.96514386723309772950964144
9.6	1.14890304959845266090234668	2.78709051469063854272809588	2.97121883396296729314106809
9.63	0.79811755400193518286653422	2.97201436236665261491222842	2.95882382035589164996819178
9.66	0.43111042990683312018041935	3.12785476768015756053437371	2.92768595804105397706128129
9.69	0.0510052972351674695578166	3.25286090520951075654592267	2.87763589699585614348411886
9.72	-0.33889970490759084696632916	3.34555471006706042855187294	2.80861252988873305321877636
9.75	-0.73515754207335421350009882	3.40474685647888143071126743	2.72066750789834170415953094
9.78	-1.13419662880734309448284333	3.42955172974720448412562679	2.6139694539173470208594749
9.81	-1.532347120621835457117547	3.41940219078804472951584668	2.48880776386325460103772761
9.84	-1.92587219080418639349337787	3.37406218687338217688904983	2.3455958746719496097338119
9.87	-2.31100344015206950790474292	3.29363506322257945744722134	2.18487386921721017163957042
9.9	-2.68397690232079713953466651	3.17856795895547315132424061	2.00731028451985148334282967
9.93	-3.04106752990820212402384912	3.02965440595228658773164815	1.81370299064349324552101331
9.96	-3.37862341779959679802199138	2.84803583492927985139253958	1.60497901386668689310420995
9.99	-3.69310226423322478988596667	2.63519991454208508635708683	1.38219318907957775117668236
10.02	-3.981110508232644268914853	2.39297305684981832611219381	1.1465255426293697101372452
10.05	-4.23944285274470185851819793	2.12350690730835652712110482	0.8992773275311204793635161
10.08	-4.4651195334721213960693836	1.8292613503239454447902708	0.64186565733159637491379624
10.11	-4.6554207652868953722329818	1.51298630366511534616173648	0.37581671202606061500660798
10.14	-4.8079196454973320635201491	1.17770158542007967426436485	0.10275751819329935332230786
10.17	-4.9205143501511330609651688	0.82667188293734358807458812	-0.175593665239986874978054704
10.2	-4.9914585133889062809468325	0.46337507722315443166799479	-0.45743829565281891187624644
10.23	-5.0193876918800287756841594	0.09146570445848814020411015	-0.74090974313168303614087385
10.26	-5.0033409096190557903056436	-0.28526270162885479353619281	-1.0240866240384096165224522
10.29	-4.9427779916686408794540155	-0.66291447818570837344973138	-1.30500714083325591637648284
10.32	-4.8375935812935533743281167	-1.03752962578968232991647527	-1.5816842810215700205857853
10.35	-4.6881272445113860334801511	-1.40512553274215095671586517	-1.85212171622265799518276884
10.38	-4.4951679517082732721946351	-1.7617430076749356715276882	-2.11433023479341594036184025
10.41	-4.2599521612574630116101516	-2.10349328942544756047581842	-2.36634453785546575990819421
10.44	-3.9841567613374875524683653	-2.42660212384941909019061456	-2.60624022841473441573354643
10.47	-3.6698886544545189482510848	-2.7274502988341105021044758	-2.83215082578757218768720985
10.5	-3.3196708364244409109364239	-3.00261346952223685943672845	-3.0422846419071814542681883
10.53	-2.93642270372523379297798368	-3.248903642249356803245052	-3.23494136139372008449716568
10.56	-2.52343303940170161987647934	-3.4634108003163473077704097	-3.40852817269077394864607071
10.59	-2.08432742710431362477753164	-3.643540532287831116383692	-3.56157530237804396102624231
10.62	-1.62303379121121774500931651	-3.7870454784768867019365418	-3.69275080842498996565890603
10.65	-1.14374736322533741164888773	-3.8920525498066646603735011	-3.80087449034344899068968506
10.68	-0.65089205590926303931376732	-3.9570888162661742727023968	-3.8849307748811861766667766
10.71	-0.14907470911442249841544525	-3.9811054315690781514110494	-3.9440804352980686560660447
10.74	0.35696652804540257296880706	-3.9634959210712408710039436	-3.977671000870925243180758
10.77	0.86241414215408923912296203	-3.904107088176680830993217	-3.985245711805993829623384
10.8	1.3624202720306051448668972	-3.8032448900187690065415021	-3.9665508741112918284317079
10.83	1.85215571246894481185626034	-3.6616776246884738079062061	-3.9215414702336845062121179
10.86	2.3268634822922654063346464	-3.48063459646833418537817	-3.8503848854875203878675817
10.89	2.78191637596364600549681393	-3.2617966469147997649281431	-3.7534626185541983153031787
10.92	3.2128730314902446790347861	-3.0072785849383461219117507	-3.63136985756000048867272639
10.95	3.6155286833948396680245068	-2.7196073327826431623968162	-3.48491282218787286699379339
10.98	3.9859620262994225812522102	-2.40169798062039267996553555	-3.31510379741429915618573935
11.01	4.320581428462604054235121	-2.05682523643989770722038608	-3.12315381590748356407565921
11.04	4.6161704876733554157197285	-1.68858656586764926662507177	-2.91046298360708253026608744
11.07	4.8699294331634457612095043	-1.30085734595099286722097398	-2.67860848583814582862455633
11.1	5.0795093334339407048744872	-0.89774251882251188746498497	-2.42933035838163877191180209
11.13	5.2430391916389147752880385	-0.48352849847619977118170102	-2.16451515772751888152624568
11.16	5.3591476554925240575093603	-0.06263460077820235365753303	-1.88617771543619012347898206
11.19	5.4269796496425394824375726	0.36043945119451152963021572	-1.59644121104496662577652438
11.22	5.4462061349263008886371141	0.78117117346052600074718793	-1.29751584405641191162282828
11.25	5.417025282345415240014835	1.1950748316823737150814026	-0.9916764260072826497907679
11.28	5.3401554452724961436860853	1.5977578425387870790766176	-0.68123924634632182948318491
11.31	5.2168217412662363978358396	1.98497196923197868444357192	-0.36853858902616084981945331
11.34	5.0487371452072433703021195	2.3526612736880682664235493	-0.055903288921627915546507927
11.37	4.838077130269374449593715	2.6970095434920439952593838	0.25436628248416665513365755
11.4	4.5874467088017366786690805	3.0144867586728187594756286	0.56002042457684824854644869
11.43	4.2998407836914843059001025	3.3018908397320166648488994	0.85888115445785911865481061
11.46	3.9786007118293069396367449	3.556381181973656462124185	1.14886177413681750901232402
11.49	3.6273694581087284582012401	3.7755039775660799226397356	1.42798468332879535653293565
11.52	3.2500451475169028655157949	3.9572121721911257022009996	1.69439721496562623050799026
11.55	2.8507312504758527912327999	4.099882144723662155207654	1.94638532763996584102008905
11.58	2.43368316495537347937005364	4.2023260581743614418938985	2.1823850490552606741438297
11.61	2.00325406675120711820181794	4.2637971460061684051095859	2.40099162458187044026748843
11.64	1.56384392148521951282974614	4.2839869450009785802094987	2.60096638274179379750212261
11.67	1.11985292414583330121311634	4.2630165507085133619685619	2.78124138261673828391472363
11.7	0.67563704896275009934218266	4.2014247450176305277439467	2.94092195489889304734002208
11.73	0.23546301749450314715027131	4.1001535899224318720949941	3.0792872871149620343004776
11.76	-0.19653648365852406804575002	3.9605298334447185937331244	3.1957892334691396080864177
11.79	-0.61640315609233072447672609	3.7842412277851952798700637	3.29004955028709776512575726
11.82	-1.02038599480701355915510376	3.5733096128705025898622241	3.36185576920316389532353404
11.85	-1.40496848857272907416745852	3.3300634870239195096038252	3.41115592246229523452663505
11.88	-1.76689455267809245576084021	3.0571102774070700427142453	3.43805232883299221924476036
11.91	-2.10319471490272325406044908	2.75730605820304853113689529	3.44279463577588076007358271
11.94	-2.41120917251574936854301141	2.43372190327787872665400646	3.42577229503304339001146731
11.97	-2.68860397639985633530869857	2.08960970545716136146407925	3.38750662617612213747791578
12.	-2.93338129514476356601781982	1.72837061330759706123446957	3.32864259740875784916603365
12.03	-3.14388798034131312479702041	1.35352509910842613086271788	3.24994042656965807460075867
12.06	-3.31882420036166870189888601	0.96868079446942520249778254	3.15226707924674744097887597
12.09	-3.45724965202927710352531264	0.57749697811262244135033374	3.03658771646827954342287047
12.12	-3.55858475155973236936867432	0.1836492716695658094458303	2.90395712267589703357303303
12.15	-3.62260769123547100739098478	-0.20920178769326178832909286	2.75551112648220244785460139
12.18	-3.64944998573962691607548858	-0.59743913420817829175662623	2.59245801270654015685998936
12.21	-3.63959106270520155777833864	-0.97751844897237298694019051	2.41606991475028891763700065
12.24	-3.59384998684052019027551321	-1.34600019586870318005541244	2.22767417164433697112612035
12.27	-3.51337294756340632087317833	-1.69958202219861355863714931	2.02864463395378928316104723
12.3	-3.39961761508410668636314069	-2.0351278519183298632856772	1.8203929067998856095901057
12.33	-3.25433637243392040810312624	-2.34969279765571674226173831	1.60435952598578800632394342
12.36	-3.07955862383214241497496173	-2.64054622481669596690733805	1.38200507384039132735593365
12.39	-2.87757031884962567848407238	-2.90519529339338751878837866	1.15480125403221025043981326
12.42	-2.65088922863637676369317336	-3.14140848894599899679842149	0.92422195827194741909548748
12.45	-2.40223695697254116550312015	-3.34723645822889204340621816	0.69173437149836423759718268
12.48	-2.13451022836688681987925003	-3.52102818966226689606650686	0.458790174828199873729088
12.51	-1.85075278426539114486390582	-3.66144305898153120759873133	0.226816916325065456217034996
12.54	-1.55412664357967776621238407	-3.7674605849527799924474153	-0.002790372286153785091349586
12.57	-1.24788059197373028276251557	-3.83838865113075260946062805	-0.22867723007608381224960735
12.6	-0.9353156978159273402430378	-3.8738690208133950691785215	-0.44953740861122947406396391
12.63	-0.61975029756549322532759666	-3.87387852822409210156324899	-0.66412001979892235639786385
12.66	-0.30448725355204935087975312	-3.83872574582938093206300091	-0.87123611539561845275758733
12.69	0.00721610474807631084117751	-3.76904439651160916337730757	-1.06976463378573075583689871
12.72	0.31217744000949458524071955	-3.66578460170372062642062583	-1.25865766266895303953143074
12.75	0.60732012877905342388073246	-3.53020165541665601996525871	-1.43694498156775869191822166
12.78	0.88970438314616073235941235	-3.36384130999189063713161335	-1.60373786476201328246584228
12.81	1.1565557690849873122020079	-3.16852153408397530483843077	-1.75823214248646472227086085
12.84	1.40528906274334296887595393	-2.94631213205838313884531201	-1.89971053509230558894107204
12.87	1.63352842970309306731953253	-2.69951357283600597850909387	-2.02754429052526557078458727
12.9	1.83912660533053876502960947	-2.43063475760485926450878544	-2.14119416915424136731058384
12.93	2.02018414253337167362699789	-2.14236832494369362087120512	-2.240210831075840219173966
12.96	2.1750668080229674252593647	-1.8375631655203095951612478	-2.32423468906471967628860769
12.99	2.30241850084063406105127165	-1.51919601235337995279693353	-2.39299529506105763689885974
13.02	2.40116956625901977831851681	-1.19034436838859405932394709	-2.44631032939408815158924988
13.05	2.47054295393309795020527709	-0.85416063456268324096156055	-2.48408425992318709546789843
13.08	2.51005998794684330967311	-0.51384490745826407506986009	-2.50630673318906619168577482
13.11	2.51954453915586853517140542	-0.17261492166388585744278939	-2.51305075190383166788978841
13.14	2.49912329518042389324617947	0.16632484432586868247322812	-2.5044706831830117323772245
13.17	2.44922215125873924726841069	0.49981150021200900722110193	-2.48080013043516205015118669
13.2	2.37056096984749787171001826	0.82474911292214790604683947	-2.4423496894316554645290111
13.23	2.26414767076802529639332264	1.13813419747174828210435224	-2.38950459646282276818167084
13.26	2.13126982647175702188136407	1.43708359164504489797609096	-2.32272226432488723465173281
13.29	1.97348200622275719633799689	1.71886303968630034737746423	-2.24252969082119245847853352
13.32	1.79258996125835561900643258	1.98091314491653544681543178	-2.14952071508871038474128411
13.35	1.59063406498058676290772795	2.22087184702509533994882316	-2.04435308988175368619264305
13.38	1.36987225909328332200976841	2.43659550368640045970143258	-1.92774533335983720389007635
13.41	1.13276020216601951483308228	2.62618031211888603990515184	-1.80047332221319663489187134
13.44	0.88192689894807352644657778	2.78798317753935252345537614	-1.66336658925677905431268131
13.47	0.62014702467037059231933247	2.92063978318964694604967337	-1.51730429292207471925587212
13.5	0.35031270414449309327463845	3.02307887576304801783617833	-1.36321083321308167768144518
13.53	0.07540585492687471985257976	3.09453362470329718305831551	-1.2020510983538654568996577
13.56	-0.20153048540209180479239473	3.13455102168939895606452255	-1.034825338085156708885022693
13.59	-0.47742389824814473327864352	3.14299885090156926051105327	-0.862563672787696406626217596
13.62	-0.7492071932321494522426361	3.1200688366309584034323632	-0.686320261645520232788280955
13.65	-1.01385336053912085552897643	3.06627532411585997331681892	-0.507167167175563364969567825
13.68	-1.26840850464048366944934868	2.98245022182413995736718515	-0.32618796688108394144219059
13.71	-1.51002270968561980230996724	2.86973516168107548184769959	-0.14447117479733724994202475
13.74	-1.7359805430498394633178725	2.72957068817821707390279191	0.036896454382945191193059041
13.77	-1.94373218666411428170431747	2.56368132680922576074296421	0.216836658652160535844309291
13.8	-2.13092393576274506790424382	2.3740559860064538031653391	0.394286355353693290432395429
13.83	-2.29542561279199241028719428	2.16292475895619102966449876	0.568204196149367810253486279
13.86	-2.43535358917170816959755112	1.93273391977345970450428547	0.737576907760293671472698563
13.89	-2.54909020666349329126007372	1.68611980335152364111588204	0.901425341677793449615991141
13.92	-2.63530108775345060690917668	1.42588056813563415339944062	1.058810164674929993451720015
13.95	-2.69295049665500036391614235	1.15494465661263774928042029	1.208837133007849704829224201
13.98	-2.7213132918540615172318816	0.87633652568192240876518185	1.350661906066734280495342922
14.01	-2.71998207830946656841825662	0.59314200087625842616491771	1.483494369217142528292390877
14.04	-2.68886980821991125047905909	0.30847524755782539681390529	1.606602449918954972499898816
14.07	-2.62820927166450752844704547	0.02544705724823864514241858	1.719315425179455830519239793
14.1	-2.53855024247237725671020802	-0.25286749255490315104038995	1.82102673129269408283108834
14.13	-2.4207534861512568591849754	-0.52346288251332120836721536	1.91119629802672893999941185
14.16	-2.27598057465771661941661037	-0.78343670498341845166553776	1.989352438446188919838305331
14.19	-2.10567998033567517569505922	-1.03002008638310552823511487	2.055093332039133244943373336
14.22	-1.91157118589299860609881639	-1.26060422180858086696001511	2.108088142543376050765359922
14.25	-1.69562759072017102886566236	-1.47276508801334970436271566	2.148077812780190606344059613
14.28	-1.46005690978777837040341626	-1.66428837493756041296851499	2.174875576993154874748303903
14.31	-1.20727762082095540135058697	-1.83319374272209934971491285	2.188367226884408412829608436
14.34	-0.93989246930733244744249601	-1.97775558173821685603874051	2.188511161087526270693000225
14.37	-0.66066175832484494712344353	-2.09651919666003592060499746	2.175338239662650089171863248
14.4	-0.3724773226131821196238727	-2.18831425158830999053040782	2.148951455868265417402615184
14.43	-0.0783349726838848949555804	-2.252267248764157915782085327	2.109525427528442061851746733
14.46	0.21869672464029742585504248	-2.287812106362262799801863486	2.057305700372360141189874143
14.49	0.51551011842278279372351307	-2.29469670732861795395780734	1.992607846370719046312922219
14.52	0.80899136949638094116101737	-2.27298518528122237298940099	1.915816331899640884406835308
14.55	1.09605129002594531488406679	-2.22305761407275777219635817	1.827383124042342683195694687
14.58	1.37365595598402290814860975	-2.14560790400263560138222272	1.727825998930353176463089994
14.61	1.63885916002754249986118617	-2.04163854874623835112557249	1.617726514068091214620163229
14.64	1.88883615161214422738862733	-1.91245060147820292148937754	1.497727607296946045096140324
14.67	2.12091608689355937541776915	-1.7596292475037102134364285	1.368530788522861243605849144
14.7	2.33261142165897978302808989	-1.58502688518463559162633302	1.230892896495298804833417602
14.73	2.52164474302194502274717926	-1.39074472576890939977116507	1.085622401577293200735293672
14.76	2.68597443953585142948957889	-1.17911178214571584293003993	0.933575246233479367304682812
14.79	2.82381934709441467851586688	-0.95265948547331340416791758	0.775650227400811066102614932
14.82	2.93368086407124393365436354	-0.71409191488608537781381035	0.612783938399731024598310679
14.85	3.014360956248412325086271319	-0.4662537460772324363998536	0.445945301915270890633822393
14.88	3.064975843952290969448678805	-0.21209807903069060844110862	0.276129739107110153224073083
14.91	3.08496620829565093972360007	0.04534572673647803400253119	0.10435303237176685046337066
14.94	3.074104323838210367611721805	0.30300581132868252750068539	-0.068355050002562753874544166
14.97	3.03249739010535664153281842	0.55780417075227333381810942	-0.240957290673587433713828928
15.	2.96058607949707951687305299	0.80669432863193617727903013	-0.412415639400230198586762506
15.03	2.85913833801159650222050417	1.04669764010796372358455409	-0.581697823911420009879553675
15.06	2.72923951087130307714439978	1.27493660025901751167499925	-0.747783871722718848483485429
15.09	2.572279613545466218700687	1.48866584770078461317799944	-0.909672463192647845475491549
15.12	2.38993736110224792704287491	1.68530253550545993903661477	-1.06638704315400693628575226
15.15	2.18416003670850440945266336	1.86245633503419447976269366	-1.216981628084001422051064116
15.18	1.95713932803827626549661358	2.01795723300236952008817409	-1.360546257448979865736758387
15.21	1.71128479292022330336386205	2.14987896405614122608072573	-1.496212050928467838559715222
15.24	1.44919670960162976489613591	2.25655779085639196442947993	-1.6231558469789692912794856
15.27	1.17363837195445097171031751	2.33660823268972807121571951	-1.74060441191131041496723708
15.3	0.88750633905682957158807289	2.38893706915056648599882224	-1.84783822162043796711175893
15.33	0.59379780941150019913156534	2.41275495865837322566475539	-1.94419482968089902885938575
15.36	0.29557666711272832615367219	2.40758390227614134260370545	-2.02907184515827845748591403
15.39	-0.0040590288616963029607192	2.37326004452124230949601672	-2.10192955076190888808604075
15.42	-0.30200711734581610677187663	2.30993329573020783657808485	-2.16229319659115883628355975
15.45	-0.59519087843231253274761395	2.21806523855612770254578562	-2.20975500656771245701376488
15.48	-0.88059027444164421041177103	2.09842471026739416639363286	-2.24397593370839066739744185
15.51	-1.15527414992024606111773787	1.95207937334035835662819181	-2.26468719682745655423170757
15.54	-1.41643019416120318840951315	1.78038334187019650036007248	-2.27169162534334449579215751
15.57	-1.6613909627944512904475117	1.58496306307654427507326617	-2.26486483099407280150468724
15.6	-1.88765776863859749511964147	1.36770272900901804545588184	-2.24415621592217408223314273
15.63	-2.0929249504752229448169571	1.13072755956911471743870839	-2.20958981632728236076692176
15.66	-2.27510412471646935002897375	0.87638274261715378978834094	-2.16126497030111256646235108
15.69	-2.43234579082402778476322927	0.60720872421690243150072055	-2.09935678817335790090304406
15.72	-2.56305700925126520061520829	0.32591584779700434865987024	-2.02411639431863348433545631
15.75	-2.66591645406666920246992195	0.03535977844420013978337859	-1.93587090148026415895484578
15.78	-2.73988831540529314854269469	-0.26148412956259588074022513	-1.83502307277132392728291539
15.81	-2.78423446490452431727363954	-0.56155000558155084072635601	-1.72205062304419342568496367
15.84	-2.79852312013176183671129601	-0.86171396069610533921600585	-1.59750511059244077665402504
15.87	-2.78263342845038801769857777	-1.15882713228503317744225702	-1.46201037234548947992474809
15.9	-2.73675709417571809439142207	-1.44974706046931358249618515	-1.31626046087040938069731475
15.93	-2.66139805912467580971989353	-1.73136791317499587396354504	-1.16101704948006617971369187
15.96	-2.55736955566043890913826703	-2.00065162782643539681927405	-0.99710628227536991873217163
15.99	-2.42578689850914121403282518	-2.25466074545451020832817538	-0.8254150585801038728379937
16.02	-2.26805551028993797338464384	-2.49059127127295628780726011	-0.64688675538171122319462069
16.05	-2.08585558296810633913228582	-2.70580310576419982150698325	-0.462516406382825051317486605
16.08	-1.88112514334922831876699227	-2.89784714677624718792268718	-0.273345371335185497663199698
16.11	-1.65604162338668940546309909	-3.06449010969906718370585222	-0.080455543678702397506446046
16.14	-1.41300031732133465805999527	-3.20373827500264767830701964	0.115036842629798702228369432
16.17	-1.15458848671389520880920874	-3.31385979302937456398094659	0.311987735548324559837237293
16.2	-0.88355610356487735324697673	-3.39340385765523221372976255	0.50923203721786237938527322
16.23	-0.60278583481254021605672139	-3.44121552897692866124106162	0.70559054200155767211614315
16.26	-0.31526397291107388259141121	-3.45644658106029078456936837	0.89987695508042496255291829
16.29	-0.02405152940861770928763845	-3.4385635517399112602993383	1.09090490879228505478455426
16.32	0.26774655201876041983783321	-3.38735334211630810769607983	1.27749489970474646644996054
16.35	0.55701460339932275552228395	-3.30292546708993094712225234	1.45848107827647308471403767
16.38	0.84065974070895033816102929	-3.18571010657408659859127004	1.63271783436603747115658204
16.41	1.11564279388371994779147539	-3.03645248209678203771544985	1.79908613513573804054414796
16.44	1.3790059412546745277238949	-2.85620502652521647315778392	1.95649958631041033733488069
16.47	1.62789905367512387873484361	-2.64631798800439212041520625	2.10391020247598076426047494
16.5	1.85960688115838739269369466	-2.40842746800741454858561222	2.24031388631972115732750599
16.53	2.0715765339991563794030626	-2.14443970375840392139848119	2.36475562964221311049872719
16.56	2.26144242894473985500528116	-1.85651229233619362557004937	2.47633445990649414887635752
16.59	2.42704688853876389312385546	-1.54703475875160791016869765	2.57420816444117124401070079
16.62	2.56645776334287390184207577	-1.21860983090428238168295611	2.65759782972755897349640443
16.65	2.67798575430170876404090425	-0.87403380302143683809230626	2.72579223517746071640983411
16.68	2.76020179224216304684869712	-0.51627330575731864020169806	2.77815213931413208824423294
16.71	2.81195205852588808038703805	-0.1484386037525564965635842	2.81411449133720741432022624
16.74	2.83236895702768397375007731	0.22624314619859906712729686	2.8331965928784786717219538
16.77	2.82087950092897009779777188	0.60445216467617707195282665	2.83500022368771035305208357
16.8	2.77721337411996752753140287	0.9827997121054333531812541	2.81921573151275003098418497
16.83	2.70141011293914320270093351	1.35785495569926495670652124	2.78562607116236078932773076
16.86	2.59382279421354203460243643	1.72617561941833842937255045	2.73411076136719427196476986
16.89	2.45511754225013367519596811	2.08433902490803867914903828	2.66464971135946944199711421
16.92	2.28627115980402525256183843	2.42897066464253268173611106	2.57732685289282257868565531
16.95	2.08856870597048128341824499	2.7567713525531085683187833	2.4723334985476631908095198
16.98	1.86359948647997141035201854	3.0645459595011321497371144	2.34997133441542483441357647
17.01	1.61324837215017334846704465	3.3492346237016182600566902	2.21065494536478436705310473
17.04	1.33968175895750744266328667	3.6079442865819047808734074	2.0549137646992981809922858
17.07	1.0453307315829411834224767	3.8379781406757115640315665	1.88339333761408644734596824
17.1	0.73287400285288982565086373	4.0368628486431680318306531	1.69685578977028123561436509
17.13	0.40522001039468017674501735	4.2023750381540516341481106	1.49617939864921765868120042
17.16	0.06548506428008181245613377	4.3325677298891262136830231	1.28235717602266265026918419
17.19	-0.28303436428708693880062621	4.4257954146795345821714576	1.05649438455257187674392096
17.22	-0.6368936080383127021127506	4.4807359771253570721588684	0.81980492966617226819620728
17.25	-0.99253256740237017701596659	4.4964090450088475575110688	0.57360658869496214444989705
17.28	-1.3463076376766602768900628	4.4721917042640467392534993	0.31931506191601682554388635
17.31	-1.6945244902300849769998229	4.4078320949881129045553624	0.05843685358018795952650706
17.34	-2.0334744348244831306799301	4.3034597925655674201337095	-0.20743898580076564076788218
17.37	-2.3594746772897290890729972	4.1595912507575559295939368	-0.47665020273801298359265183
17.4	-2.6689096291253361945514967	3.977129940791540069604942	-0.74747169677742897233632642
17.43	-2.9582700080157170948469291	3.7573626466702357994797129	-1.018126799723526891769004
17.46	-3.2241891678470743700318215	3.5019533918079011593546399	-1.28679937544566663126812649
17.49	-3.4634788197963826940166333	3.2129344696332190876415169	-1.55164662838266976151962926
17.52	-3.6731660100620147573877552	2.8926923906939014612400665	-1.81081250349069690323040214
17.55	-3.8505303425581694605375619	2.5439474961530903752455674	-2.06244155863383665562982777
17.58	-3.9931383538632586165274533	2.1697288161944356599584244	-2.30469319178176008569639681
17.61	-4.0988730670339778892875931	1.773347269230496790404238	-2.5357561091203894919861284
17.64	-4.1659596942307416650996797	1.3583684441004541007263353	-2.7538629254055653025133222
17.67	-4.1929896875497460817010773	0.9285828177198255403511691	-2.9573047936111143729897634
17.7	-4.1789434208108120211809524	0.48797037784412127501437633	-3.1444459661426703898904243
17.73	-4.1232092346297550943114178	0.04065975909743818470231433	-3.3137381936730891664777113
17.76	-4.0255967867930535313609742	-0.40911419759252046578468086	-3.4637348692101961810613128
17.79	-3.886345432283288467171745	-0.8570508299561301398179406	-3.5931048237450162464812022
17.82	-3.7061298819369500860817776	-1.2988228925336061159730996	-3.7006456754207388316930408
17.85	-3.4860632664927812712281501	-1.7301189520638941612614932	-3.785296626579735588393107
17.88	-3.2276948119011135758796369	-2.1466908597571084657594753	-3.8461505925764091352498802
17.91	-2.9330002065898126668363836	-2.5444026993528269831757795	-3.8824655334949438477110144
17.94	-2.6043667640484999960030044	-2.9192761749717895834255508	-3.8936748457906528175183956
17.97	-2.2445767511065278316120579	-3.2675320924704252631984614	-3.8793966565507674991016313
18.	-1.8567882301272629294038961	-3.5856319373182181383239036	-3.839441849919240965000987
18.03	-1.4445089870199816880826595	-3.8703216087701900720380817	-3.7738206447557322364689662
18.06	-1.01156147322338735020742577	-4.1186742326686493984294587	-3.6827475363501818853730624
18.09	-0.56204233333408603360978645	-4.3281278915828466681303026	-3.566644414485015784785334
18.12	-0.10028128358764814086481433	-4.4965179113596391139697186	-3.4261416766609717541976549
18.15	0.36920070087499093559237146	-4.6221061249135432257851169	-3.2620771699485263559588767
18.18	0.84173819665842790342935455	-4.7036077351568401639288451	-3.0754928183986829780122879
18.21	1.3125756822720130907752449	-4.7402132001105058976317625	-2.8676288254967133204359239
18.24	1.7769265856797216449911775	-4.7316025442038240279637921	-2.6399153825050397391786575
18.27	2.2300317294981004229575024	-4.6779523952656894772001265	-2.3939618628958994121618512
18.3	2.6672148204187839172942129	-4.5799377658242909859650953	-2.13154353904027592559003388
18.33	3.0839370247297065546203749	-4.4387289672304211838550933	-1.85458591799141272533759974
18.36	3.4758533730945618500163877	-4.2559814392528320467849397	-1.56514685622362167913751889
18.39	3.8388702872527908245209951	-4.0338163119542029662562118	-1.26539667586835460858197438
18.42	4.1692001109127874429020053	-3.774792437494821421436699	-0.95759656444889517736286245
18.45	4.4634088842493467430035514	-3.4818730512239105378345822	-0.64407559345488257168862146
18.48	4.7184569760403617582627449	-3.1583892827331331041054586	-0.3272067355884129147413219
18.51	4.9317346545248082881162689	-2.8079995825477158922372257	-0.0093822937761645256165003
18.54	5.1010937559895765238703295	-2.4346426181578484602529689	0.30701082478363372966656205
18.57	5.2248738279900947856711524	-2.0424833796835245968052994	0.61961555039145193909016613
18.6	5.3019199292277210511405237	-1.6358558786360696784717036	0.92612837816352615645393329
18.63	5.3315909991520452117917902	-1.2192068371306941342598161	1.22432197393580692657783088
18.66	5.3137602752854559439324366	-0.7970418925111235039156969	1.51206628844614345295948046
18.69	5.2488097821707231428323766	-0.37387222791365874981056275	1.78734785768968727234843386
18.72	5.1376191922356317787366995	0.04584070808642216952023662	2.04828702473446823482254063
18.75	4.981547846565053887937408	0.45774122521821928238654977	2.2931528820839010912721047
18.78	4.7824094961523454002394748	0.8576316862878942859417503	2.520375800866809284547749
18.81	4.5424414676209545263907931	1.241517421594059078373779	2.7285574806680469867426541
18.84	4.2642707117752237671047722	1.6056448993285987508041828	2.9164785187718562853130254
18.87	3.9508775002541435282685327	1.9465368220117538028099386	3.0831035573707692884367893
18.9	3.6055555958465724811592476	2.2610261438653003766807255	3.2275841197293996281881865
18.93	3.2318683442232744882254497	2.5462866131632053609918403	3.3492592897512099033288327
18.96	2.8336028860706396055855502	2.7998556992682530936386438	3.447654422826373585382825
18.99	2.4147259139926033310135213	3.0196490095041454084326092	3.5224780987811045324021715
19.02	1.979341839838583756692646	3.2039696994960238290713175	3.5736175403077539927780663
19.05	1.5316506816226844716140624	3.3515164323913738311771301	3.6011327230392930587123488
19.08	1.07590333615190506953947001	3.4613891666751509147994753	3.6052493974723223445766914
19.11	0.61635635358409469654295443	3.5330893072335104454474332	3.5863512295957354415830347
19.14	0.15723099764571310363036854	3.5665133092927664868531947	3.5449712479262203787350988
19.17	-0.29732196680309549585598973	3.5619428487776154932905427	3.4817827613853759080044758
19.2	-0.74325561568736076533169691	3.5200342616813759409057555	3.3975898867983024060728258
19.23	-1.176662222380751087830763	3.4418059946851031655720422	3.2933177984093407098227764
19.26	-1.5938092297709888220487888	3.3286214520632541374734678	3.1700027862201392246325576
19.29	-1.9911710814370757047362208	3.1821677334356770157731419	3.0287821864854363781463124
19.32	-2.3654549427989878575813743	3.0044333828903975588509383	2.8708842274384020565065618
19.35	-2.7136231291647009150915241	2.7976864825727659826955881	2.6976178170725709279335917
19.38	-3.0329157380472506680773736	2.5644509118644052084184615	2.51036228810244408314291289
19.41	-3.3208733828349495192511844	2.3074783257229228226561393	2.31055710828389414345965691
19.44	-3.5753569517288535835631211	2.0297166878332758175255405	2.09969156203232463046802847
19.47	-3.7945622378461824902388987	1.7342786611492406561283936	1.87929441139263024539695359
19.5	-3.9770303091904830328651729	1.4244117024227689084255418	1.65092355030904027671670343
19.53	-4.1216558015694639170091866	1.10346822169954192421132954	1.41615567503050848213485989
19.56	-4.2276937797461099059651698	0.77487291811933007006608779	1.17657600443016752413961226
19.59	-4.2947637182720042594993451	0.44208684530467939728522467	0.93376809598022488223631629
19.62	-4.3228490248965590730058826	0.10857101127786259977555497	0.6893038150365091674108868
19.65	-4.312292206524977710924121	-0.22224732332926857897589796	0.44473352590943170559696689
19.68	-4.2637870194189531167679245	-0.54700532356142996326523127	0.20157658198315370099508116
19.71	-4.1783683380875812923924827	-0.86243466495218962445245426	-0.038687801904120618176508
19.74	-4.0573990272158228984759172	-1.16539306023423988559991539	-0.27462920908546500618830762
19.77	-3.9025528002927025688310585	-1.45289625317418361310527221	-0.50487412823511794119343775
19.8	-3.7157933519880067479583082	-1.7221472917919416457704363	-0.72811342879331546008695981
19.83	-3.4993513359030036539361965	-1.9705609060393914583666272	-0.9431091342760468333507354
19.86	-3.2557003622535176904429118	-2.1957838542985446026678164	-1.14870043537365119821226152
19.89	-2.9875315282879794679421685	-2.3957137825427719902373433	-1.34380889976511859260481577
19.92	-2.697725163302952547941698	-2.5685177048999957966150507	-1.52744285257497152777640837
19.95	-2.3893197066619643036642881	-2.7126484471470398994577949	-1.69870091949297283612946951
19.98	-2.06547965007312347339505141	-2.8268565167746375247191576	-1.85677474282836714780877452
20.01	-1.72946478988450337042596127	-2.9101968445705981034892463	-2.00095089825395546831951801
20.04	-1.38460098333119205789368663	-2.96203232846696207044031921	-2.13061205585132998459785801
20.07	-1.03425042152620512032877631	-2.98203621457552399002952812	-2.24523744255282523680001861
20.1	-0.68177984654086117299072182	-2.9701930933381133336260193	-2.34440267359793343479436214
20.13	-0.33052796456193738144044752	-2.92679657994650263827817301	-2.42777902777199480660935835
20.16	0.01622477193936427889946545	-2.85244277962308952602914774	-2.4951322447562103634683266
20.19	0.35528246836578653719193383	-2.74802101866051426381255563	-2.5463209228680342622405935
20.22	0.68355819659149224608687778	-2.61470376852603021930239602	-2.58129459197168510498502415
20.25	0.99809960917374888384670932	-2.45393549217855716459144706	-2.60009152971718733907171648
20.28	1.29611581281892153250099313	-2.26741844709686248799106661	-2.60283637999028761804164733
20.31	1.57500217047508683762714793	-2.05709498171821924485884661	-2.58973762110226174458713891
20.34	1.83236055163010213079213916	-1.82512852681267303702044726	-2.56108491847373464528399015
20.37	2.06601655373950588883634473	-1.57388513255710431590099921	-2.51724638307157620677257594
20.4	2.27403687822332069040254535	-1.30591416435253142523344698	-2.45866574335797415330664767
20.43	2.45474726054381320408690949	-1.02392538618527367413493132	-2.38585942570473476996504886
20.46	2.60674828694783167393285942	-0.73076240817040970920800637	-2.29941352676776761348512481
20.49	2.72892717428870670721370727	-0.42937555000719771268201739	-2.19998065178981413545564502
20.52	2.82046652472691993798186989	-0.12279625136043283265577619	-2.08827658569270529656515239
20.55	2.88085192282755748456986645	0.18588844009251537820195008	-1.96507675950769143093333121
20.58	2.90987826411091115072211721	0.4935642264062501321412279	-1.83121247341520995758121111
20.61	2.90765300680090853680727061	0.79712126013598581808658176	-1.68756683951967307549512064
20.64	2.87459534027944834729725171	1.09348658611517986809907085	-1.5350704124122639726043021
20.67	2.8114321708009287886019336	1.37965463112426694956886349	-1.37469648336080515775335498
20.7	2.71919217759394776168148886	1.65271573211659702126788266	-1.20745602424447810658171152
20.73	2.59919763478500871481685782	1.90988477630366317803554081	-1.03439227961772617348136055
20.76	2.45305240125545700321672998	2.1485312047589740161212159	-0.85657501891955193038405954
20.79	2.28262522383725008977976822	2.3662091081308976369842086	-0.6750944751306220827300538
20.82	2.09002944033313375429517989	2.56068486761691119156169886	-0.4910550103580552794453949
20.85	1.87760095736949906809383367	2.72996101241968357180596044	-0.30556856212330408455449513
20.88	1.64787504638917430484210976	2.87229705494825315585254001	-0.119747935803818811518227308
20.91	1.40356064884214433141435731	2.98622864830695542935798999	0.065299981924304093644013575
20.94	1.14751079555815305143221865	3.07058505696311870677981032	0.248481007214784970921025298
20.97	0.88268969007505590472905717	3.12450342571526618105378976	0.42872035593863612000533353
21.	0.61213884661069111487501127	3.14743844591300218841110418	0.60496916852997053893596342
21.03	0.33894429466693089930282293	3.13916750042869544977854317	0.77621078140073934618068229
21.06	0.06620463312384063927307415	3.09979241112808578432610801	0.94146667015540252036307632
21.09	-0.203001843304738863531719	3.02973838496911559798950919	1.09980199929362852554664712
21.12	-0.46565177851541525639219605	2.92974951528303222563604358	1.25033072485414492823617132
21.15	-0.71881153983561664860851875	2.80087995187493072390932495	1.39222020987631125261970462
21.18	-0.95966939606232050702729654	2.64448100155750144168109476	1.52469532691020935114685536
21.21	-1.1855638912438053129980161	2.4621855080650843987347466	1.64704203633154014390401441
21.24	-1.39400978589873555048373552	2.25589041364929315126980854	1.75861044316935616378633183
21.27	-1.58272356505979593632879178	2.02773691443549086031367703	1.85881734784517669534456959
21.3	-1.74964845490972718111515341	1.78008710757032615386601576	1.94714831705842654410347155
21.33	-1.89297663308902766336397832	1.51549745932881942907720252	2.02315930956603465355097383
21.36	-2.01116669449450497669335527	1.23669115402104098089713771	2.08647789746731728632355685
21.39	-2.10295706063404467488860526	0.94653096270579513602362641	2.13680412664636058446021414
21.42	-2.16737757264698696244363093	0.6479918076411104579798438	2.17391106022514334806613945
21.45	-2.20375995830524214508231083	0.34413080453443893106554615	2.19764504637166374678183714
21.48	-2.21174537555396761568973414	0.03805445882987250985592539	2.20792574685291322297602091
21.51	-2.19128736922482898280800326	-0.26711430292397446841564098	2.20474595570319923796863535
21.54	-2.14265113064168010864593103	-0.56826665216414043311939526	2.18817122876836631686244822
21.57	-2.06641105360589781065454876	-0.86233669034493730452970551	2.15833933522947828033532314
21.6	-1.96344653382236284995055214	-1.14633149752549911114200114	2.11545953209250854153414892
21.63	-1.83493396766797185851702801	-1.41736322882545986874026594	2.05981165265759604366937217
21.66	-1.68233412116743063230575609	-1.67268073436886073548368602	1.99174499074721373213534717
21.69	-1.507376652364463733916452	-1.90969805538302393615769431	1.91167695453672095357192912
21.72	-1.31204366371857133848305965	-2.12602004208199101363954816	1.82009145769259856908655672
21.75	-1.098551590073047238119396	-2.31946715725682906596569994	1.71753701159881193741864966
21.78	-0.86932913739148051534861708	-2.48810018760848903140160747	1.60462448105066159089772706
21.81	-0.62699056454823181620444536	-2.63024327568736864449508207	1.482024467105120866200709184
21.84	-0.37430628388679508599296127	-2.74450336897744118762164901	1.350464284846399752224016878
21.87	-0.11417319064369891889555426	-2.829785849911403232019754909	1.210724510558538924376080077
21.9	0.15041508580664547391141411	-2.885307372139117438065708476	1.063635081948517271551540003
21.93	0.41639988061848857696774985	-2.91060632543405194579253842	0.910070946247095872380930136
21.96	0.68069245911640691230933708	-2.90554995894968321954721169	0.750947263716681499940568796
21.99	0.94021109313036616196165278	-2.8703369355295068116320607	0.58721418769829253226723291
22.02	1.19191755249254390098237284	-2.80549526961497147244929455	0.419851256143247999817048589
22.05	1.43285135655633181312844638	-2.7118766669051555164167275	0.249861442875137217600721174
22.08	1.66016242594134980770673352	-2.59064789286043578617889865	0.078264928897840187275178645
22.11	1.87114369229454459027266797	-2.44327850903677520991265878	-0.093907335757866974167822896
22.14	2.06326382803166749655375858	-2.27152388164452334911427493	-0.26562020144205031956614525
22.17	2.23419824916933871479189226	-2.07740353303156256039389513	-0.435840936524605935921023548
22.2	2.38185621693705008327098727	-1.86317642052678139361734244	-0.603545808599272741915219693
22.23	2.50440351410051882232824774	-1.6313147766034428414393739	-0.767726546209919172474964913
22.26	2.60028187395236166121908141	-1.38447657542718722561013278	-0.927396602853025183573470773
22.29	2.66822623564790575187904959	-1.12547533710706322531762272	-1.081597152706054713794965607
22.32	2.70727931264708477073150661	-0.85724658522812579139264675	-1.229402757690219334127112313
22.35	2.71680192203253576916306316	-0.5828123407571057057596028	-1.369926657529292009894018686
22.38	2.69647831411491514657387368	-0.30524621359486900942492713	-1.50232564774981961676001645
22.41	2.64631737712407050466805986	-0.02764041159066166464531162	-1.62580452436579607280161094
22.44	2.56665105391819020591452572	0.24692642394655842961367447	-1.73962008757748331523838926
22.47	2.45813008788067147964041725	0.51542242533573305509759896	-1.84308470949835799217985864
22.5	2.32171601918354545871767561	0.77489669196983561784193543	-1.93556948208676427265643108
22.53	2.15866893768863701648933037	1.02251197542298025534824523	-2.01650697058372484004333177
22.56	1.97053223073465838738219887	1.255573475702945088875637	-2.08539360445617928627851133
22.59	1.75911600929005685663279843	1.47155414241522609345613388	-2.14179174186787593272175301
22.62	1.52647912709201503134594689	1.6681189605384404328561768	-2.18533144494825801527305133
22.65	1.27490802531981382746856512	1.84314936953886923546678715	-2.21571200164930232085857209
22.68	1.00689171697429705232220627	1.99476591432979363225922386	-2.23270322595581972263632807
22.71	0.72509498744806609855766207	2.12134662287204315436999241	-2.23614656195500043251125569
22.74	0.43233236486470030421296689	2.2215412932402120387253841	-2.22595600919114590379240727
22.77	0.13154246981155147768534965	2.29428397469050206277482714	-2.20211887733199981717891251
22.8	-0.17424006472377527541200036	2.3388044883475343549758605	-2.16469636801621769432628075
22.83	-0.48191625230670763531875504	2.35463722247752121605866375	-2.1138239714366772843910242
22.86	-0.78835559230867949133433585	2.34162558795832624174484083	-2.04971165535202023188319113
22.89	-1.09042709542071945452429342	2.29992296688815495188741748	-1.97264381540408962028930226
22.92	-1.38502848857368905613029326	2.22999192664912013745818737	-1.88297894840469414151194576
22.95	-1.66911605420897469248138654	2.13260161668346204519034737	-1.78114900512580748776443759
22.98	-1.93973648843738201247892237	2.00882144717030760394247584	-1.6676583764736884771890185
23.01	-2.19405926393851413261121811	1.86000998308032154973858177	-1.54308246702375302696207809
23.04	-2.42940689256990744249911859	1.6878003311054710260036248	-1.40806581287780861983824879
23.07	-2.64328216533512882368588236	1.49408404067423127135054337	-1.26331970666697916830861708
23.1	-2.8333935310605667262969193	1.28099374209487745468300201	-1.10961930109340109192147515
23.13	-2.99767982191190181888575652	1.05088270695818565913042067	-0.94780017335596394707706706
23.16	-3.13433381863201948635050668	0.80629981703851715095610356	-0.77875434566766179255971846
23.19	-3.24182291547497822204386167	0.54996079827246249504096415	-0.60342577124512212856510141
23.22	-3.3189057568307997862720533	0.28471828395477634047188008	-0.42280530993730559940357992
23.25	-3.36464521796155637111571228	0.01353236430992524512404483	-0.23792523230254244579504569
23.28	-3.37841862617127743139180242	-0.26055916593812578951478106	-0.049853304666699164715879821
23.31	-3.35992519571019369801299018	-0.53447279866775084174863956	0.140313480243302362043131405
23.34	-3.30918963917020147121586217	-0.80511398143512148962366989	0.3314554527628560164893048
23.37	-3.22656121707876123411337581	-1.06941242245980014210225964	0.52243701466053877705772127
23.4	-3.11270877983183038343658325	-1.32435530855936579639846638	0.71211350162305224254389649
23.43	-2.96861302221949511405813443	-1.56701759770864641003240895	0.89933807491538868273631214
23.46	-2.79555633686241778463530045	-1.79459088421551484903542695	1.08296856059277922611303069
23.49	-2.59510936772118169425155976	-2.00441251777261159222539081	1.26187416122018374456488889
23.52	-2.369113391546078997968916	-2.19399454253249875831437446	1.43494197451469184774973607
23.55	-2.11965923788847651476674656	-2.36105009261352343795129051	1.60108326512161667799080938
23.58	-1.84906479970402746427722815	-2.50351540562897861297473274	1.75923944919552243397496406
23.61	-1.55985249324442877528494359	-2.61956801185674828348714108	1.90838776582804587058366813
23.64	-1.25472585085435741605669463	-2.70764313511926743334609951	2.047546623851726257285839
23.67	-0.93654335560776920103537258	-2.76644920399218870953747675	2.17578062636695975876536759
23.7	-0.60828925398588066643592946	-2.79498111161527539835643237	2.29220528775157899184022009
23.73	-0.27304374529301221230935225	-2.79252940536786147722422573	2.39599146827099309793762864
23.76	0.06604471399868995992323278	-2.75868558180183654727177656	2.48636955918088542192288576
23.79	0.4057851198480111761357988	-2.69334545863536857378261328	2.56263345601404341948127348
23.82	0.74297056342169500291509161	-2.59671164841007065102071421	2.62414435933219270296788953
23.85	1.07440770788225165943901676	-2.46929372012379984187452913	2.6703344405273349015133187
23.88	1.39694713773816025241330363	-2.31190435923283649886344555	2.70071040535903624429541246
23.91	1.70751097019239229632965502	-2.1256524325829713564186428	2.71485698005059416081741273
23.94	2.0031171080614795021892458	-1.91193549860005184991309248	2.71244033431418778284569598
23.97	2.2809031605145598160001169	-1.672432119889513621910241	2.6932114431325867353177237
24.	2.5381523771743935267754769	-1.40909126541984561647814453	2.65700937509563964439974357
24.03	2.7723201111858207063736762	-1.12411683363256958858303276	2.60376448025645052592403584
24.06	2.9810577760440777430717008	-0.81994911207929059929412775	2.53350143557142140499735509
24.09	3.1622337271847068778375293	-0.49924646752673844031249116	2.44634209178132369295054844
24.12	3.3139530903490998910450511	-0.16486759041632520403098316	2.34250805283131347167810852
24.15	3.4345778335863941473969966	0.18014880518861588405826164	2.22232290832955336612292766
24.18	3.5227458336578221808828535	0.5326093468239925424019618	2.08621403174426264869982683
24.21	3.5773869478282198357538792	0.88919523273093248643496715	1.93471385256431797189897816
24.24	3.5977358743942359342557978	1.2464918962735414610745903	1.76846050988207967611030823
24.27	3.5833431936835187512168051	1.6010174316836833842206873	1.58819779800969282574392031
24.3	3.5340852479747514695746606	1.9492514894912127618014455	1.39477432182818099830015392
24.33	3.4501715092957995021640681	2.287667347957644641147615	1.18914179040177550981660002
24.36	3.3321475160482281159987935	2.612767495753046214965765	0.97235239156977652765384919
24.39	3.1808931762776952971302081	2.9211201720856525266408344	0.74555520716095212915516617
24.42	2.9976181652495350135294066	3.2093940872841081895954613	0.50999164739802480173891507
24.45	2.7838558690322653995848809	3.4743909776226612108646466	0.26698990308000845481130234
24.48	2.5414550681356017515237161	3.7130778171016768990319154	0.01795843427858845687712988
24.51	2.2725670151406610232374148	3.9226200421299585633671277	-0.2356214664247285977480937
24.54	1.9796267573723437176911592	4.1004147822696333162246381	-0.49220398063885069497388262
24.57	1.6653303546774837934443988	4.2441216250731309062770339	-0.75018787040317810803575807
24.6	1.3326108997278858261661661	4.3516894546990042441112793	-1.00792630196480504412523391
24.63	0.9846143990231209459595705	4.4213800595170130544070252	-1.26373729718485428923010553
24.66	0.6246735895858082366693241	4.4517899618338377091243939	-1.5159147186341892100195312
24.69	0.25627710367454184619566861	4.4418705466582351103393785	-1.76273969418212460959518564
24.72	-0.11696595245947388274935126	4.3909449165239770067341881	-2.0024923900331116376197552
24.75	-0.49136279624845785702042061	4.2987201080595199271814157	-2.2334640471122009636102484
24.78	-0.8631719386631194036356541	4.1652951242316064817165068	-2.4539692036206470089739892
24.81	-1.2286365010809487481375445	3.9911663004872740007676761	-2.662358035507038603972959
24.84	-1.5840190526742944233202647	3.7772303478595593724498369	-2.8570287554694299767367228
24.87	-1.92564016027677135968987	3.5247834781441967900120888	-3.0364400188481047433569405
24.9	-2.2499188079371310481272266	3.2355150862515043149540254	-3.1991232903732932877458874
24.93	-2.5534105107474434979765453	2.9114968884402935448979961	-3.3436951283124937408063081
24.96	-2.8328413353754268343570852	2.5551701118701461188556856	-3.4688693414252967507085536
24.99	-3.0851403852025025610867787	2.1693315336867529879547999	-3.573468968832894334512054
25.02	-3.3074740766264465542600683	1.7571156603673752352477377	-3.6564380232850874921618303
25.05	-3.4972815836664695033678457	1.3219699895744763275787409	-3.7168529245144376204280604
25.08	-3.6523074155337845379697554	0.8676244298230889852689162	-3.7539335318865459260263495
25.11	-3.7706289267423847123746864	0.39805937957649436256944421	-3.7670536651908023734978295
25.14	-3.8506809014655255432402995	-0.08252550134129897343686785	-3.7557509802719427698807119
25.17	-3.8912797725442365946738062	-0.5697453609017660157682707	-3.7197360436469251538237439
25.2	-3.8916460638654086567715589	-1.0590715489497168008402465	-3.6589004288591730355140437
25.23	-3.85142145663568422699039	-1.5458795404456629422848871	-3.5733236388042260415799014
25.26	-3.7706796905103066795345877	-2.0254981295713278799184157	-3.4632786443774052086357602
25.29	-3.6499338446912827526882267	-2.493256716592184964210447	-3.3292358222547832149313116
25.32	-3.4901413683480894930810147	-2.9445328848704767528493823	-3.1718650749739310729300149
25.35	-3.2927043512781472195237252	-3.3748040420729097801548805	-2.9920359260094477259129498
25.38	-3.0594615690839928186389207	-3.7797031479071209968468856	-2.7908154021380368705276548
25.41	-2.7926722372689834846591663	-4.1550745238691813066944173	-2.5694635454771415977610264
25.44	-2.494994752587151389180238	-4.4970260181389835185679359	-2.3294264380194800055284792
25.47	-2.1694627687422840293628269	-4.8019772826730906083213088	-2.0723266715234241253647477
25.5	-1.8194570216199507176549559	-5.0667060878159573359041451	-1.7999512538822356015714216
25.53	-1.4486693531388161367268239	-5.28839320608371644674691	-1.5142370076135393127050745
25.56	-1.0610579343241950966930317	-5.4646636100852680055814488	-1.21725358439029546986203041
25.59	-0.6607969467742414094124297	-5.5936209743571885852724062	-0.91118428867572478036485034
25.62	-0.2522251692291783849875092	-5.6738743559201229271274957	-0.59830497037714225241113987
25.65	0.1602051864624560364887153	-5.704557953772379568233454	-0.28096130778431220084766235
25.68	0.5719817775110174051576687	-5.6853447096541611852316558	0.03845514516595132857182851
25.71	0.9785899952346011774639531	-5.616452801709471657166472	0.35753173178328041073920006
25.74	1.3755740481435347004884343	-5.4986433075333270640928374	0.67385984218199672515450373
25.77	1.7585965249779889349942824	-5.3332086866893558446362252	0.98505998303403942414520046
25.8	2.1234924487134381504625877	-5.1219536855136962984622887	1.2888063137773452103131479
25.83	2.4663178745138755607807338	-4.8671704359838343287296225	1.5828502138355081821698382
25.86	2.7833959396540239410746311	-4.57160775870224177218468	1.8650424782809074358104807
25.89	3.0713618675257221923869287	-4.2384333751626632804632306	2.133353785079927502758103
25.92	3.3272045318009810804002359	-3.8711889146520062318440547	2.3858931332015373955008138
25.95	3.5483003865302868991606688	-3.4737402443986460944113015	2.6209240145811530956045557
25.98	3.7324380287667603736191056	-3.0502266135666266864546979	2.8368781510637176637312215
26.01	3.8778356300831700714446875	-2.6050098904459621217649971	3.0323666967844583073493917
26.04	3.9831544647847202316423886	-2.1426221429325515820218362	3.206188873891674107277589
26.07	4.0475088446074750319611302	-1.6677097539586587983131485	3.3573380722879386007415039
26.1	4.0704697364448914401685438	-1.1849757248761661965196312	3.4850054998295390701183772
26.13	4.052060116241005861841882	-0.6991248117491407709901851	3.5885815163975849325849099
26.16	3.9927437557727661310420354	-0.21481455614967029959704389	3.6676548222680568777114459
26.19	3.8934108600774424871865461	0.26338964970231239413903114	3.722009697716657151250771
26.22	3.7553614525812314421576709	0.7310596651062023895662615	3.7516215068493147085812481
26.25	3.5802842712960091319610575	1.1839504999910769232753918	3.7566506848382867900992316
26.28	3.3702299343455071811875996	1.6180424829189988327832539	3.7374354251041508383426586
26.31	3.1275809681392822156449979	2.0295754218859490112841162	3.6944832728991056330357828
26.34	2.8550220383470620760754013	2.4150761421808370149473036	3.6284618158355603219951129
26.37	2.5555098231338734853133893	2.7713843217014955911854584	3.5401886419081461208622494
26.4	2.2322391546251151619027745	3.0956783826277042720075148	3.4306207132367724749626132
26.43	1.8886047759484528386990072	3.385498108121952789427207	3.3008432807949618363534485
26.46	1.528162503522132931572668	3.6387605173840309501642274	3.1520584433034162829520976
26.49	1.1545933087167835129202127	3.8537697862856779680216386	2.98557343355950925827588
26.52	0.771669152061832373210462	4.0292245002945191793409976	2.802788698759376776527645
26.55	0.38321662155781936902083031	4.1642235088985774954276699	2.605185828562354573781087
26.58	-0.0069229674638208369411112	4.2582685660682587294433605	2.3943153761353042359941486
26.61	-0.3949338814212409623737539	4.3112618446138819513303523	2.1717846132608732126479018
26.64	-0.7770627115143224924903991	4.3234988286402827930702335	1.9392452605555809072937375
26.67	-1.1496510736223380878544164	4.2956585069683157749157296	1.69838123740122033548420297
26.7	-1.5091672677182131074533192	4.2287915445324141248682124	1.45089648259512517689652776
26.73	-1.8522394314927220563707353	4.1243051460558248217319436	1.19850290504448313354530479
26.76	-2.1756891544703761563056505	3.983943324002508171144225	0.942908533029654175562824
26.79	-2.4765620412339408495697273	3.8097632357830622644719537	0.685805939564215485654284
26.82	-2.752152937725916097564701	3.6041096558271824133190993	0.42886102914089933199000141
26.85	-3.0000268124583743177353963	3.3695887038950569411758571	0.17370227673125540030008255
26.88	-3.2180379011870294564428371	3.1090398000209238447682971	-0.07808948747306969057560459
26.91	-3.4043481170452516855519786	2.8255041470822165930342965	-0.32499065498706685150560274
26.94	-3.5574429837951323387479711	2.5221898402762918422817993	-0.56554368975811238639585022
26.97	-3.6761426078008560456245481	2.2024359919967799465016798	-0.79836517340262528665005819
27.	-3.7596071355739165692377559	1.8696783397552055902509529	-1.02215297787253570428468338
27.03	-3.8073384171196352762386282	1.5274164311189018894956392	-1.23569251382157031471837699
27.06	-3.8191797062083283744924331	1.1791802944813867502357723	-1.4378620207436171209882311
27.09	-3.7953133258076173494046186	0.8284950914023413117837435	-1.62763688435643191102592766
27.12	-3.7362547564287520777791338	0.47884509040467249520828415	-1.80409298675266653486852061
27.15	-3.6428423254535121135243345	0.13364019120423564703636314	-1.96640911455216041283819633
27.18	-3.5162235965932932760194625	-0.20381315741519949146555628	-2.11386846871101950628347163
27.21	-3.3578402305135457982857447	-0.53033809182210807954950771	-2.24585933591012227047519343
27.24	-3.1694116854672921056824705	-0.84291344079519794788861222	-2.3618749948329230132738555
27.27	-2.9529165514246477580793726	-1.1387005765874240700093334	-2.4615129405998680185985162
27.3	-2.7105707955342902702039726	-1.4150684381363499585026496	-2.5444735168031089548855935
27.33	-2.4448042536777841655522338	-1.6696136818821822987796987	-2.6105580468370051592882781
27.36	-2.1582374628148967619162146	-1.9001760869165143199703918	-2.6596665546077281832671418
27.39	-1.8536589402308982445166073	-2.1048523572269172576011272	-2.6917951594789223851580176
27.42	-1.5340007066560437742456544	-2.2820104818639572698634603	-2.7070332218853077350945301
27.45	-1.20231067861986869817642959	-2.4303030751269774675681287	-2.7055603049737775077456741
27.48	-0.86172389510786900815598813	-2.5486766337704371496843308	-2.68764300456599698036884701
27.51	-0.51543576552247933263253446	-2.63637638599056226265079337	-2.65363168539956432876514533
27.54	-0.16667742766959487976649758	-2.69294936159458877592432505	-2.60395714675139995785992424
27.57	0.18131009361804848967624194	-2.7182472902753660698053903	-2.53912722593207247969638529
27.6	0.52530509009822603108399119	-2.71242773814190858922772354	-2.45972333448706914151119983
27.63	0.86213567719806101083002665	-2.67595135616117531297462453	-2.36639690991492446188444752
27.66	1.18870798556675186926630338	-2.60957573216167427575280235	-2.2598657558919131050525842
27.69	1.50203138530830853940291469	-2.5143479473576580619276382	-2.14091023685028344388645827
27.72	1.79924339978882234305686688	-2.39159624613505886888681272	-2.01036928863628816012827313
27.75	2.07763648522834136386934983	-2.24291887764833447718729458	-1.86913620607737221231127211
27.78	2.33468563815180676829507594	-2.07016853507398328798919831	-1.71815417066267231776198997
27.81	2.56807397336064198892097388	-1.87543335616020602668246169	-1.5584114870754900416501696
27.84	2.77571481683418619240218776	-1.66101676120055426808105695	-1.39093650573927445727790697
27.87	2.95577132573001028778880489	-1.42941683666359591510128297	-1.21679221942696869736197514
27.9	3.10667520954984342105288184	-1.18330356599901310965509345	-1.03707053477869027961774281
27.93	3.22714447903884797968481131	-0.92549198728801191037230911	-0.85288623360441078668407815
27.96	3.31619853300557078842381519	-0.65891164599811126397599832	-0.66537065336687646304785273
27.99	3.37316915125417998621470146	-0.38657486017736285804598384	-0.47566513045516619986478722
28.02	3.39770751817745177678258523	-0.11154588265903361980928583	-0.28491426298386211817456581
28.05	3.38978827509389387865020764	0.16308940403241219998821452	-0.09425906114877300167193686
28.08	3.349710890548262984909705	0.43425524022920060956738633	0.09516993800639485581623793
28.11	3.27809746840717918539736331	0.69892009759318975787493352	0.28225950871618119998938631
28.14	3.17588608791513167808709578	0.95413150161245907940376596	0.4659204422971879489792467
28.17	3.04431996619682905551733264	1.19704875744036195907945232	0.64509403636957807162075977
28.2	2.88493365283396920644395882	1.42497226317614228895280058	0.81875828761650689899603014
28.23	2.69953693825974752782224562	1.63537054802807501915220637	0.98593371576169685371849716
28.26	2.49019585606941970497250044	1.82590684902844295368558864	1.14568875676031706011955941
28.29	2.25920983583959307485411695	1.99446526232323074399497986	1.29714467569314952421459554
28.32	2.00908535862755209771955423	2.1391743924769231915420827	1.43947996384170665620914765
28.35	1.74250795357023372625803887	2.25842644402790433585410605	1.57193419914844440612693885
28.38	1.46231414848559680342526764	2.35089182549013529801186269	1.69381136395792295783938021
28.41	1.17146308014112861425160319	2.41553108278886368815667998	1.80448262784529809631540808
28.44	0.87300609933715884228587653	2.45160534443523995740370195	1.90338861579112858276758835
28.47	0.57005374562160083200338064	2.45868434641185762519296425	1.99004119238471665702732422
28.5	0.26574194026208941773965353	2.43665024887507951330313132	2.06402480069292748673785533
28.53	-0.0367998816150403118209455	2.38569699509459151519428581	2.12499739962823869454642061
28.56	-0.33447813231208174665057942	2.30632685678314798030307354	2.17269104595667980254811203
28.59	-0.62426414142027558626395252	2.19934543435824475664896918	2.20691216652752596758016814
28.62	-0.90322494609373254057942743	2.06585421677970252592326499	2.22754156305335501596882027
28.65	-1.16855461093352558597451319	1.90723905898286999193500171	2.23453418612420287967264678
28.68	-1.41760283068626153205694149	1.72515494928189334983314243	2.22791870751728491522507759
28.71	-1.64789955116254395847321314	1.52150931179739914000673608	2.20779691076621710821552941
28.74	-1.85717771300016116427585842	1.2984447523627689102442261	2.17434290994543281097226869
28.77	-2.04339634297661924483520034	1.05831933361382672271525743	2.12780219630708616723444365
28.8	-2.20476314312611147658713917	0.80368243303775964842727808	2.0684905023889752133763653
28.83	-2.33975393432344411939381138	0.53724729305187038406918937	1.99679246408556994411543561
28.86	-2.44712801632518299383193582	0.26186321406517884815057881	1.91316005348989207026121445
28.89	-2.52594087382618569557602262	-0.01951161084329817351309691	1.818110749554114765462017
28.92	-2.57555542558076144272798157	-0.30383864536200829755298357	1.71222541017333260494546579
28.95	-2.59565094534247139802272009	-0.5880310631742792921521883	1.59614580845115643491675339
28.98	-2.58622795608611509021982952	-0.8689886088522900409874626	1.47057179781082868619562228
29.01	-2.54760877403873950868854341	-1.14363243850602079878409669	1.33625807528411833596887752
29.04	-2.48043488105363645200382037	-1.40893807687730639518305583	1.19401051960771722166478283
29.07	-2.38566191660372725663150725	-1.66196723139333338901237238	1.04468209040151809594422917
29.1	-2.26455143940230834827980185	-1.89990027965740761240005446	0.88916828627447286402112764
29.13	-2.11865797697641999355783945	-2.1200697170878280234934829	0.72840217265916212667371852
29.16	-1.94981119115107736620875599	-2.3199926807656207943186695	0.56334900387656980570015332
29.19	-1.76009470324565677678237655	-2.49740031666420172315994965	0.395000477675149304458781074
29.22	-1.55182317159271251196050158	-2.65026340815922432298543824	0.224368673546170634980158846
29.25	-1.32751752590931104204916884	-2.77681529225323561189115436	0.052479737782535928278673226
29.28	-1.08987688734092005004786859	-2.87557290691645640921066696	-0.119632612124361355129514288
29.31	-0.84174639453867044184914085	-2.94535530119296478717321917	-0.290933684106189922761245826
29.34	-0.58608227324997473490409672	-2.98529802530594725538311894	-0.460394425443838318246090765
29.37	-0.32591666252540069601339107	-2.994862554778535488031100093	-0.626997969425701616464297688
29.4	-0.06432356278415504844237403	-2.973841329198401331879676334	-0.789746032568115670110365263
29.43	0.19561494622997522137583564	-2.922359407879780634918805551	-0.947665085754429422271084606
29.46	0.45084381956189916102888817	-2.84087280830740668165847588	-1.099812230985163022980756306
29.49	0.69837145418963706323108718	-2.73016266142037853467368426	-1.245280726106780849792142576
29.52	0.93530514960374376432615288	-2.59132472299605109943423971	-1.38320511230616115482962159
29.55	1.15888319287377866810189664	-2.42575510412241208117961495	-1.51276591264193219851665968
29.58	1.36650329103250632548959239	-2.23513362226790731142626269	-1.63319388371047766685120709
29.61	1.5557491571605205993271399	-2.02140512186977324819098081	-1.74377381599361913344947249
29.64	1.72441665435247278020009823	-1.78675776970334745243326917	-1.84384789083053600947317277
29.67	1.87053850396146659960354462	-1.53359761789768028998683341	-1.93281861270259017929401398
29.7	1.99240513158390737253091631	-1.26452060762409745739361551	-2.01015134413063869593248153
29.73	2.08858062647221849443928118	-0.98228431424782318568508925	-2.07537647660578113797415039
29.76	2.15791532814319582413377452	-0.68978030288418618917842269	-2.12809127439593763692604734
29.79	2.19955694724189844325681109	-0.39000544231482075952311004	-2.16796142873000343412050123
29.82	2.21295987302050551476116791	-0.08603029279324784461354011	-2.19472235784109822631977622
29.85	2.19789061827659561476917758	0.21903451779736879226805866	-2.20818028386788984961695784
29.88	2.15442871691835732576011168	0.52207074235598233541674051	-2.2082131110049589704517393
29.91	2.08296480325794660104849953	0.81998219125922984744290167	-2.19477112099696468477949453
29.94	1.98419734370948412155483476	1.10972358917497883172708192	-2.1678774926027159794366874
29.97	1.85912690739784667825615204	1.38833120814310316005447939	-2.12762864158441913529241491
30.	1.70904599512293993110723141	1.65295475741049796077674695	-2.07419436770390570694279878