lambda	x	y	z
0.	2.0471700395735084	0.009350036402201604	1.9017697292625753
0.03	2.032645705932498	0.29453673176868866	1.8949014938157214
0.06	1.990786593611908	0.5747019403955447	1.875878504905426
0.09	1.9226425357435226	0.8473933839894567	1.8447879539542218
0.12	1.8291023067466492	1.1105492500567329	1.8017877895770202
0.15	1.7110578879408949	1.3619260523263972	1.7471073818003267
0.18	1.5698086524094246	1.5988742642129963	1.681042337518379
0.21	1.4072846027868624	1.8185880652915085	1.6039490001198144
0.24	1.2258580343438035	2.0185506690079595	1.5162435880735736
0.27	1.0279229862335983	2.196782318393473	1.4184055693947615
0.3	0.815645911022843	2.351745451689959	1.3109801370079124
0.33	0.5911097027157132	2.4820948313383724	1.194575195551255
0.36	0.3566783043867943	2.5865578677086667	1.069853431151321
0.39	0.11519797545319832	2.664040083384484	0.9375245731933225
0.42	-0.1301762132642042	2.713803199917592	0.7983423206524195
0.45	-0.37636860735717553	2.7355148829811062	0.6531052658260977
0.48	-0.620628469936147	2.729142918543588	0.5026566866795332
0.51	-0.8604365857714028	2.6948475389857904	0.3478787752126997
0.54	-1.0932169180232456	2.633012386360793	0.1896820263406484
0.57	-1.316172127662722	2.544378170172177	0.028994988233691316
0.6	-1.5264143641810715	2.430112716853882	-0.13324105133855269
0.63	-1.7212636660125429	2.2917148045651468	-0.2960729084647587
0.66	-1.8984406898909736	2.1308346374271947	-0.45853675461895277
0.69	-2.0560141485364403	1.9491912948238708	-0.6196641224750412
0.72	-2.1922138015871586	1.7486651105592372	-0.7784921998400548
0.75	-2.3053286558702943	1.5314518938283925	-0.9340737062183291
0.78	-2.3937902247433227	1.3000942243906122	-1.0854821002395654
0.81	-2.4563424062586656	1.0573297303244082	-1.2318123653279833
0.84	-2.492131382117984	0.805883883054862	-1.3721815887204636
0.87	-2.5006590482279742	0.5483871807406763	-1.5057331725186405
0.9	-2.4816903764434977	0.2874623095908791	-1.6316444581829663
0.93	-2.4352307593255484	0.0258518974590276	-1.7491340258340915
0.96	-2.361586699059117	-0.2335769120702751	-1.8574653272646509
0.99	-2.26142198477419	-0.4879827623687278	-1.9559468919455647
1.02	-2.1357319653503204	-0.7347342949173018	-2.043932309320692
1.05	-1.9857537139082684	-0.9714885802814728	-2.120822710153157
1.08	-1.812891075971298	-1.196142006939789	-2.1860714231146354
1.11	-1.618695172863478	-1.4067487317864726	-2.239188212698808
1.14	-1.404861186474797	-1.6014987866385095	-2.279741179560024
1.17	-1.1731843597385105	-1.7787491888879217	-2.307356926435288
1.2	-0.9254836108383501	-1.9370315983744646	-2.3217210940308455
1.23	-0.6635658424367205	-2.074995449701774	-2.3225804256354476
1.26	-0.38928276945474793	-2.191332652709619	-2.3097455077719147
1.29	-0.10464398378781206	-2.284760722880817	-2.283092637968676
1.32	0.18810502448449076	-2.3540843318540126	-2.2425645139815646
1.35	0.4864928328687542	-2.398284152259381	-2.1881709256542843
1.38	0.7878889625860505	-2.416576163934128	-2.1199904938230896
1.41	1.0895607295160055	-2.408436394231073	-2.038172958076707
1.44	1.3886953243151179	-2.373621691561875	-1.9429405652852638
1.47	1.6824208796067652	-2.312195939864503	-1.8345880444603402
1.5	1.9678619944332825	-2.22453372112316	-1.7134823803865002
1.53	2.2422132985144407	-2.1112823720829863	-1.5800638867533472
1.56	2.502780514779907	-1.9733150388921659	-1.4348483372301182
1.59	2.7469705454209272	-1.8117300152575992	-1.2784281419896322
1.62	2.9722734236987502	-1.6278989101445969	-1.1114710982463163
1.65	3.17629103724497	-1.4234901713784076	-0.9347177943176589
1.68	3.356809148475677	-1.2003966389182095	-0.7489803303141357
1.71	3.5118490703753626	-0.9605992298557383	-0.5551433572148745
1.74	3.639651744598516	-0.7060962626835581	-0.3541650012872118
1.77	3.7386273233656997	-0.4389891548174628	-0.1470740955317721
1.8	3.807350270430304	-0.16164956953371953	0.06503669346217997
1.83	3.844626921150014	0.12322843331121033	0.28101775679146895
1.86	3.8495643128112733	0.4128058320896853	0.4996648545106144
1.89	3.821550448911672	0.7043832324036042	0.7197173126395371
1.92	3.7601594330729102	0.9955204639823969	0.9398583458193165
1.95	3.6651071345268584	1.2838471109638279	1.1587234301679306
1.98	3.5363528504471784	1.5667337309456957	1.37491522229983
2.01	3.3742692447777602	1.8411746636746578	1.5870161058851155
2.04	3.1796727300096386	2.104058505836889	1.793590628181171
2.07	2.9536056707853633	2.3526083434239093	1.9931802957006535
2.1	2.6970422771431664	2.584560594355841	2.1843027162647477
2.13	2.410859496470152	2.797875553279665	2.3654651851561765
2.16	2.096227679713577	2.9902479147191325	2.5351895499619213
2.19	1.7551400894846847	3.158932169041116	2.692033038056543
2.22	1.3905339574737863	3.3011202206199934	2.834591958274724
2.25	1.0057038631155444	3.414535308926977	2.9614916839693137
2.28	0.6033539006482843	3.497621306597197	3.0713819173108923
2.31	0.1851071868973615	3.5490588336404194	3.1629547525920376
2.34	-0.24792755537187863	3.5670317080753677	3.234983945110075
2.37	-0.6937571371118576	3.5490219938834806	3.286364169774531
2.4	-1.148256730041451	3.492537342370535	3.3161278969150536
2.43	-1.6050690591934396	3.396345034710492	3.3234369089537696
2.46	-2.0568189470149756	3.2612476232199663	3.307567810919833
2.49	-2.4968105367520783	3.089750725711417	3.267915493232066
2.52	-2.920070076445032	2.8849088400358025	3.2040216566791853
2.55	-3.323222629278075	2.6492977822494517	3.1156137274758233
2.58	-3.703612330071543	2.3848361727894667	3.0026329974368307
2.61	-4.058489783108843	2.0933588008357225	2.865243941023507
2.64	-4.384781708801208	1.7772468941820097	2.7038346918701097
2.67	-4.679351563489353	1.4395352512605215	2.51902368543359
2.7	-4.939321545003429	1.083519740164226	2.31167627273213
2.73	-5.162159571479062	0.7123507928655047	2.082921001561652
2.76	-5.345578792391138	0.32901543867149	1.8341530299021376
2.79	-5.487469999827518	-0.06334431240590231	1.567022749437069
2.82	-5.5859786270860505	-0.4611513122396811	1.2834186780364156
2.85	-5.639646131120492	-0.8604234343635543	0.9854535141621298
2.88	-5.647488373104362	-1.257035417919739	0.6754524874395165
2.91	-5.608994039873237	-1.6469319317697622	0.3559354811776951
2.94	-5.5241253824176555	-2.0261373536999527	0.02958706624491122
2.97	-5.393370777160875	-2.3906684894058463	-0.3007823263378141
3.	-5.217798801641673	-2.736546518912222	-0.6322759614571825
3.03	-4.9990417451750115	-3.059952516653433	-0.9619471389016919
3.06	-4.739223456279864	-3.3573871887458857	-1.2868358218500657
3.09	-4.440921939256325	-3.625700698385753	-1.6040106980772735
3.12	-4.107209919608703	-3.8620289847828064	-1.910615984289097
3.15	-3.741695470896668	-4.063790126662134	-2.2039162267690364
3.18	-3.3484461780628716	-4.228816388635937	-2.481333298589827
3.21	-2.931792010438272	-4.355524219959307	-2.740476490138005
3.24	-2.496144768206707	-4.442967482656758	-2.97917108294392
3.27	-2.0459690555652448	-4.490745517228661	-3.195487971170467
3.3	-1.5858721396615243	-4.498893472795744	-3.387770358903795
3.33	-1.1206274318147464	-4.4678816989979175	-3.5546511667678944
3.36	-0.6549912870915743	-4.39869721228634	-3.6950593568723233
3.39	-0.19338675621307555	-4.29285902167699	-3.8082196232256154
3.42	0.2603123453425066	-4.152275931146943	-3.893650791798543
3.45	0.7027356028627569	-3.9790227546202375	-3.9511632947085675
3.48	1.1307821703874714	-3.775191675957576	-3.9808514931219805
3.51	1.541426691949816	-3.5428800867665	-3.9830778917942036
3.54	1.9317105662135983	-3.2842264962113337	-3.958451702415156
3.57	2.298846854673242	-3.001386617852045	-3.907807158083095
3.6	2.640256290979628	-2.69647503524874	-3.832183957207871
3.63	2.9534618618555517	-2.371610685390492	-3.7328069935207853
3.66	3.2359655078954237	-2.0291346256396405	-3.6110615734430387
3.69	3.4852863480944616	-1.6718705845139687	-3.4684649738269755
3.72	3.699190906253622	-1.3031967915062401	-3.306639919638292
3.75	3.875955310840481	-0.9268325269219374	-3.127294418045663
3.78	4.014473211934657	-0.5464992391564142	-2.932206160920656
3.81	4.114182648567626	-0.1657300501421293	-2.723205322735237
3.84	4.174950229496534	0.21205542375909023	-2.5021522430066683
3.87	4.197047899143236	0.5833662329039003	-2.2709135367065114
3.9	4.181208921453508	0.9446070638240084	-2.0313438084449333
3.93	4.128637098020003	1.2922903327511879	-1.7852760702488542
3.96	4.040896119428323	1.6233218829307237	-1.534516349367525
3.99	3.9197559653818144	1.9351051086909878	-1.280835004221428
4.02	3.7671368769199045	2.2253887983911844	-1.025952172967187
4.05	3.5851870794229117	2.4920347340490014	-0.7715222770795918
4.08	3.3763754158820847	2.732943587363295	-0.5191245709088396
4.11	3.143454843916397	2.9461995218290893	-0.2702613199537918
4.14	2.8892931713926733	3.130272147166859	-0.026358312527563047
4.17	2.6167196317391235	3.284076447322029	0.21123857675106525
4.2	2.328526765909917	3.4068564427923027	0.441271410224768
4.23	2.0276020478392773	3.498035603351001	0.6625775856751107
4.26	1.7170246431847795	3.5571844732726063	0.8740916559370956
4.29	1.4000039887188351	3.584109844288819	1.07484231290375
4.32	1.0797117609023739	3.5789453867107364	1.2639498081386442
4.35	0.759171486199652	3.542149432586955	1.4406274472237095
4.38	0.4412958738646942	3.474438082167907	1.6041851240658944
4.41	0.1289892120626648	3.376746839409406	1.754029803153317
4.44	-0.17483829796693331	3.2502553907593814	1.8896609421186097
4.47	-0.4673840208310327	3.0964188881385524	2.010664468244401
4.5	-0.746072270224013	2.9169493142232708	2.1167104623018913
4.53	-1.0085469809667507	2.713778056236977	2.207555150086141
4.56	-1.2525715663415327	2.4890748774466553	2.2830422569643263
4.59	-1.4760200857725616	2.2453119664445342	2.3430988668482007
4.62	-1.6770767770657207	1.985233880913064	2.3877271700526967
4.65	-1.854512543609892	1.71160932607514	2.416999203845246
4.68	-2.007743579780298	1.4268519785581772	2.431059996478256
4.71	-2.1365158078732196	1.1328148213847744	2.4301361049979375
4.74	-2.240406991921454	0.8310229518098323	2.414539675985346
4.77	-2.318558407846974	0.523274673357186	2.3846604848847273
4.8	-2.369892383910447	0.21218370890290075	2.3409487007418086
4.83	-2.393650347961831	-0.09879148699042277	2.2838998636572487
4.86	-2.3897929169985863	-0.40589954326237565	2.214052100500486
4.89	-2.3589409327913575	-0.7058159962472245	2.131994846545943
4.92	-2.3019780092549786	-0.9959868517482765	2.0383781872718583
4.95	-2.219734992606875	-1.2743951864116796	1.9339118409418867
4.98	-2.113045777026576	-1.539040315249844	1.819352684035975
5.01	-1.9830635292554073	-1.7876130433234403	1.6954901188734226
5.04	-1.8314698395782913	-2.0176091208280478	1.5631398506257457
5.07	-1.6603401566200993	-2.226707454931228	1.423148081211004
5.1	-1.4717966866213625	-2.413041984092577	1.276398267016324
5.13	-1.2678008177725977	-2.575165057042104	1.123810675857095
5.16	-1.0502874648872125	-2.7118224600838774	0.9663322345305073
5.19	-0.8214882110468703	-2.821809425578566	0.8049231309940961
5.22	-0.5840983050537926	-2.90404195088881	0.6405488295416234
5.25	-0.3411034267167474	-2.957737211669286	0.47418012193368836
5.28	-0.09542241554080148	-2.9825067813488637	0.306795964784246
5.31	0.1503052012900748	-2.978294827116965	0.13938167767971715
5.34	0.39361777157031846	-2.9452713611235364	-0.02707994077245288
5.37	0.6319626962523275	-2.8838195964909237	-0.19162029373757455
5.4	0.8625571502634235	-2.7946250153134717	-0.3532931868992743
5.43	1.0825254389491996	-2.6787463015357407	-0.5111773197798831
5.46	1.289181460532232	-2.537569458597861	-0.6643763855316839
5.49	1.4802011619880067	-2.3726844724317857	-0.8120217431376298
5.52	1.6535656968929056	-2.185814892893996	-0.9532793457365291
5.55	1.807388743262231	-1.9788697278647704	-1.0873581839251634
5.58	1.9398320923691748	-1.754045531110694	-1.2135162858602
5.61	2.049193304039679	-1.5138448404522362	-1.3310629807530379
5.64	2.134066728923374	-1.2609631888430393	-1.4393595369453902
5.67	2.1934244762642328	-0.9981352659227668	-1.5378210576186038
5.7	2.2265705739746857	-0.7280710014427709	-1.6259203665743565
5.73	2.233054225837495	-0.4535141999436842	-1.7031921541353026
5.76	2.212646974887689	-0.1773295235847263	-1.7692353655654092
5.79	2.1653953771907157	0.09749785679475098	-1.8237136036291148
5.82	2.091674639573159	0.367967334177323	-1.8663550045009885
5.85	1.9921817126284889	0.6311837122198111	-1.8969529232893956
5.88	1.8678873945996035	0.8844008968474454	-1.9153672912774276
5.91	1.720012647928411	1.1249867418871609	-1.921525500223626
5.94	1.5500551017050619	1.3503878009455146	-1.9154221606396096
5.97	1.359822945531129	1.5581603847647048	-1.8971182871539376
6.	1.1514201430425208	1.7460556367412687	-1.8667408758988104
6.03	0.92718123839815	1.912094186020135	-1.8244830208621872
6.06	0.6896064898907114	2.054590061868744	-1.7706037360703597
6.09	0.44133649898445143	2.17214239215501	-1.7054267351340817
6.12	0.1851496618048178	2.2636351570089683	-1.6293384691205948
6.15	-0.07606214095433325	2.3282549915517077	-1.5427864269241458
6.18	-0.3393514787231282	2.3655044173537223	-1.4462781153140085
6.21	-0.601771061209722	2.375195938564932	-1.3403798702535354
6.24	-0.8603924127446159	2.357443042423777	-1.2257142370432974
6.27	-1.1123026163279253	2.3126680263625095	-1.102955742214915
6.3	-1.3546277909050672	2.2416144884181333	-0.9728263403056813
6.33	-1.5846016332338906	2.1453310818953124	-0.8360919174774739
6.36	-1.7996365907429472	2.0251221158715733	-0.6935596478397229
6.39	-1.9973415848299154	1.8825103683244024	-0.5460743939135548
6.42	-2.1754884745733527	1.7192574747827436	-0.39451266493172793
6.45	-2.331994064938618	1.5374185050503155	-0.23977485614453714
6.48	-2.464973459140103	1.339343889212599	-0.08277832084074142
6.51	-2.5728377850641215	1.1275738332811769	0.075546912184089
6.54	-2.6543495138165656	0.9046867213778482	0.2342608397409229
6.57	-2.7085885689583056	0.6732388039890841	0.39241774263244217
6.6	-2.7348830379822964	0.43586040973635526	0.5490739317416099
6.63	-2.7328010798447675	0.19540357872718203	0.7032972593676607
6.66	-2.70222623945548	-0.04505177232470912	0.8541742722747271
6.69	-2.6434272800776393	-0.28240902274047613	1.0008125929271885
6.72	-2.5570243195855413	-0.513830067407613	1.1423406936531155
6.75	-2.4438746528180384	-0.7368205556036717	1.277910124929395
6.78	-2.305017938848936	-0.9490357892156235	1.4067031060823254
6.81	-2.1417758309711825	-1.148008119184667	1.52794278082051
6.84	-1.955913385311117	-1.3311113200990718	1.6408998765355853
6.87	-1.749641757253365	-1.4958650179392978	1.744892043463686
6.9	-1.525356355974815	-1.640329038097824	1.839278959774341
6.93	-1.2852959137842905	-1.7632096839889022	1.9234608598134397
6.96	-1.031475611958717	-1.8635634658457063	1.9968854752052756
6.99	-0.7660589145955102	-1.9404013699944231	2.0590602747602764
7.02	-0.4919032289998695	-1.992642824800798	2.1095608394900083
7.05	-0.21274133222330416	-2.019552305344576	2.14802843752043
7.08	0.06733812004881634	-2.021279485326764	2.1741590456855153
7.11	0.34487066557202256	-1.9989315051000176	2.1876940318990745
7.14	0.6177642029513029	-1.9539804739961069	2.188421912799778
7.17	0.8852391862294492	-1.88741695107673	2.1761913603999727
7.2	1.1469879735405109	-1.7993114883419035	2.1509261295053106
7.23	1.4021474124458344	-1.6891150823700805	2.112631329976624
7.26	1.6487605119918896	-1.5564347921387998	2.0613883763462795
7.29	1.8839812253947454	-1.4016752942784512	1.9973455212635627
7.32	2.1047222223231477	-1.2261102730308375	1.920713402790758
7.35	2.308207005067475	-1.0314638977100392	1.8317687769895574
7.38	2.4921121644293076	-0.8194705262567126	1.7308611491188142
7.41	2.654400727031681	-0.5918057363614554	1.6184145656213194
7.44	2.7931588625212673	-0.35036586137651954	1.4949222369563966
7.47	2.9066250879765674	-0.09754397488238536	1.3609389870159156
7.5	2.9933427775293073	0.163799669363209	1.2170783028282912
7.53	3.052250617067269	0.4306458432962446	1.064015491322326
7.56	3.0826319769023045	0.7001179880622475	0.9024918170712095
7.59	3.0840131326666893	0.9695398481013169	0.7333132965243643
7.62	3.0561372583543314	1.236274725223118	0.55734305149285
7.65	2.9990292725882965	1.4975659939026165	0.3754922119930848
7.68	2.913054712630111	1.7505505429109565	0.18871513267500772
7.71	2.798889893704783	1.9924163012720737	-0.00199032723734339
7.74	2.6574292117370137	2.220543962727527	-0.19558209667132637
7.77	2.489723849921102	2.432524627734061	-0.3909776936526855
7.8	2.2969995025144403	2.626089588757646	-0.5870627650139169
7.83	2.0807041379938336	2.7990611194942874	-0.7827000660573741
7.86	1.8425074383805853	2.9493769856925813	-0.9767348182083347
7.89	1.5842399103852958	3.0751455161392247	-1.1679966782828486
7.92	1.3078351315045698	3.1746644906819044	-1.3553020496203863
7.95	1.015331389461699	3.246394539405172	-1.5374595935757118
7.98	0.7089125733333937	3.288931312828089	-1.7132779625417651
8.01	0.39092147436698477	3.30100689432134	-1.881572438733505
8.04	0.06382291974821026	3.28150092728561	-2.0411687610066283
8.07	-0.2698238088678038	3.2294310921894294	-2.190905828948426
8.1	-0.6073095439371837	3.1439387405968966	-2.3296401863602094
8.13	-0.9456461166599542	3.024325594700255	-2.456252965694663
8.16	-1.2814655100467112	2.8701702219237197	-2.5696571249267173
8.19	-1.6110446078046858	2.6814821719626583	-2.6688027609953617
8.22	-1.930451274942196	2.4588217959486935	-2.752681054798983
8.25	-2.2357210617195307	2.203363148641758	-2.8203296279894654
8.28	-2.5229968997943732	1.9169400824364984	-2.870841063988496
8.31	-2.7886575914795104	1.6020978706715916	-2.903373272927386
8.34	-3.0294948481798096	1.2620822808940382	-2.917158977371495
8.37	-3.242915170013161	0.9006584513028045	-2.9115136083044977
8.4	-3.4270417120702925	0.5217569764516387	-2.8858438870753287
8.43	-3.5806172441398965	0.12911804594223247	-2.839659535762156
8.46	-3.7027648227724703	-0.27384442801307424	-2.772587435908777
8.49	-3.7927845204465602	-0.6838979456092942	-2.6843848523649156
8.52	-3.8501098542911207	-1.097742238814714	-2.5749496165120163
8.55	-3.8743692294926064	-1.511908861377355	-2.4443292576857942
8.58	-3.8653947578154453	-1.9228923489587564	-2.292732970127734
8.61	-3.8231144641956596	-2.3273461105024045	-2.1205470122200767
8.64	-3.7474486263464954	-2.7221048944028725	-1.9283488282453443
8.67	-3.6383813373155727	-3.1039803773846275	-1.7169142135863598
8.7	-3.4962095550521033	-3.4695266282598056	-1.4872173243003153
8.73	-3.3217569644865357	-3.815023868517402	-1.240429783120166
8.76	-3.1163332793739698	-4.136721878582875	-0.977924903549679
8.79	-2.8814669614730453	-4.431131402306057	-0.7012852035730385
8.82	-2.6186952202270324	-4.695117302201059	-0.4123038598725578
8.85	-2.3296674996139366	-4.925763710020087	-0.11297235234389134
8.88	-2.016500466841984	-5.120216650811456	0.1945432095256736
8.91	-1.6820335634796848	-5.275718268670398	0.507926061645792
8.94	-1.329695280574894	-5.389830645259685	0.8247248101152489
8.97	-0.9630683220400823	-5.460648052804401	1.142365216173283
9.	-0.5855555538003799	-5.486828424929175	1.4581701482853848
9.03	-0.20045782861907277	-5.467487116346905	1.769395761989725
9.06	0.1886459679876257	-5.402139410813013	2.0732784711802767
9.09	0.5776456535266418	-5.290795009282078	2.3670786534085315
9.12	0.9620822658108685	-5.134105950152269	2.648112514840999
9.15	1.3376355693561162	-4.933392481997688	2.9137773129084623
9.18	1.7004852961083328	-4.690512990612479	3.161582359243429
9.21	2.0472662764508134	-4.407731205474418	3.38919115868198
9.24	2.374770821717133	-4.087729945644351	3.5944665794021113
9.27	2.6797990580317097	-3.7337168422298492	3.775505947462196
9.3	2.959361091292058	-3.3494073413927703	3.930661732148609
9.33	3.211021222888213	-2.9387702523244292	4.058555889299374
9.36	3.4330040170384106	-2.5057015439781427	4.158097790751476
9.39	3.6239404528319907	-2.053934445791898	4.228504926389462
9.42	3.7825278814175984	-1.5872938840315516	4.269314847740764
9.45	3.9074675312846496	-1.1100319389447713	4.280379263919652
9.48	3.9977250226876455	-0.6268361157568008	4.261845236062379
9.51	4.052787813105316	-0.14238633661426395	4.214138838573882
9.54	4.072593740062742	0.3391962703129359	4.137961275242449
9.57	4.057187325012195	0.8144952113997068	4.034291036593407
9.6	4.006495699531202	1.2803623744246702	3.9043755037699843
9.63	3.9205202302055677	1.7332622548644525	3.7497026416818846
9.66	3.7998056400419293	2.1689790256452945	3.5719608356372277
9.69	3.6457393801216185	2.5829513236458728	3.37300427227814
9.72	3.4603897076506613	2.9709459783580803	3.154832769771125
9.75	3.2460603245691035	3.329517725646872	2.9195777789974406
9.78	3.00502531722224	3.655956549081022	2.669478688694806
9.81	2.7397001404304824	3.9479153903951945	2.406843502504678
9.84	2.453023149382662	4.203156680406431	2.134004726817986
9.87	2.1485806988623612	4.419658509246461	1.8532871834998883
9.9	1.8302643054262884	4.595927145209324	1.566993426426017
9.93	1.5017350352687673	4.731180129785532	1.277396181510382
9.96	1.166178957405284	4.825241821466417	0.9867224571274852
9.99	0.8265498058116088	4.8782985120400015	0.6971250020409044
10.02	0.4860105979558477	4.890766239763453	0.4106516814980685
10.05	0.1481007486905769	4.863355914621871	0.12922693386749604
10.08	-0.1835540838563602	4.79719359851131	-0.14535106550201166
10.11	-0.5057143333731029	4.6938168951257	-0.41140707929531656
10.14	-0.8157426678233713	4.555036196240977	-0.6673915395944364
10.17	-1.1113999388759095	4.382809802127768	-0.9118922134243442
10.2	-1.3904685312116016	4.179253216065038	-1.1436468210480417
10.23	-1.6505868735245985	3.9467342243221566	-1.361547030651378
10.26	-1.8894332215243845	3.6878997311263486	-1.5646322548186167
10.29	-2.1050466499423717	3.4055582645375675	-1.7520801205396717
10.32	-2.2959693408487967	3.102511869203262	-1.9232010873458132
10.35	-2.4611067620466325	2.7814972867809367	-2.077438149007033
10.38	-2.5994826388307937	2.4452830132680092	-2.214366532936076
10.41	-2.7101323929097294	2.096803129708878	-2.333688665674525
10.44	-2.792200799569521	1.7391732503947623	-2.435224835250722
10.47	-2.8451022818744716	1.375564902648339	-2.518903787828839
10.5	-2.868576888410285	1.009067747833144	-2.5847563014098993
10.53	-2.8626246880424775	0.6426791446487782	-2.632910815136492
10.56	-2.8274394154424494	0.27942012947629996	-2.6635882094012158
10.59	-2.763443921819738	-0.07756062797085266	-2.677094588305512
10.62	-2.6713994325318824	-0.42502417635811923	-2.673813749843015
10.65	-2.5524765657442	-0.7598111194637538	-2.6542014900935356
10.68	-2.4082234691763613	-1.0790180738544357	-2.6187817480246793
10.71	-2.2404722150397025	-1.3800724206052104	-2.568142706607388
10.74	-2.0512623955479943	-1.6607095462857637	-2.5029315808135935
10.77	-1.842804518168444	-1.9189333381971958	-2.4238489807964276
10.8	-1.6174439456867773	-2.153013783418824	-2.3316446420359513
10.83	-1.3775973436756392	-2.361502355728682	-2.2271148308040307
10.86	-1.1256912532428545	-2.5432206092958887	-2.111099743282604
10.89	-0.8641508836933545	-2.6972179779566603	-1.9844792656010928
10.92	-0.5954371304536252	-2.822737421279504	-1.84816759928291
10.95	-0.3220744978844166	-2.9192170364317063	-1.7031088827282963
10.98	-0.04662565910801334	-2.9863115476776705	-1.5502749055919425
11.01	0.2283618181672999	-3.023900685821109	-1.390663328208722
11.04	0.5003713070769089	-3.0320820237619808	-1.2252936730760893
11.07	0.7668762389360592	-3.011177584695081	-1.055200418386888
11.1	1.0253048378570027	-2.96176700598446	-0.8814257532565102
11.13	1.273086849987851	-2.884712868816671	-0.7050152390604626
11.16	1.5077740659448646	-2.7811342094783247	-0.5270165883018956
11.19	1.7271333062076044	-2.652340990277247	-0.348478041191998
11.22	1.9291239590194325	-2.4998035453668948	-0.17044257832267715
11.25	2.111793475038028	-2.325208980466413	0.0060618310004507065
11.28	2.273224371710872	-2.130553026682785	0.1800314891970351
11.31	2.411624164714821	-1.918143889138657	0.35049135636061796
11.34	2.525496866376977	-1.6904590818864025	0.5164949047152425
11.37	2.613736087738405	-1.4499567883922857	0.677124496825889
11.4	2.675553846393187	-1.1990273857484268	0.8314970392092393
11.43	2.7103352123253384	-0.9401550143515873	0.97877432397639
11.46	2.717593032715891	-0.6761310601170375	1.1181723772975158
11.49	2.6970853857614294	-0.41006075231964745	1.2489645905642288
11.52	2.6489656839953186	-0.145074623649514	1.3704791983885845
11.55	2.573783773634975	0.11603657189761472	1.4820970369005946
11.58	2.4723236495374623	0.3709165883809242	1.583254939118842
11.61	2.3454711189271245	0.6173459266492582	1.6734540230764499
11.64	2.1943017763878827	0.8528249960395854	1.752266636889256
11.67	2.020328222500212	1.07448416142233	1.8193365515389928
11.7	1.8255956041198158	1.2794992708511592	1.874373528122722
11.73	1.612372960413264	1.4656952351258228	1.917149108649435
11.76	1.3825760284646789	1.6317743970591978	1.9474994025980068
11.79	1.137418811307127	1.7768896599099815	1.9653334313491202
11.82	0.8777268928771976	1.8998672406863828	1.970639170534425
11.85	0.6048399948587014	1.9987408586571003	1.9634802992839377
11.88	0.3214947819672108	2.0710482657646114	1.943984459073998
11.91	0.0319931357711929	2.1147144065389982	1.9123314531833981
11.94	-0.2585386071055246	2.128844266330586	1.8687501401850206
11.97	-0.5452950352198516	2.1138431791893546	1.8135253728952656
12.	-0.8245552397178676	2.0708869001917956	1.7470078985875546
12.03	-1.093652875514433	2.001284157588357	1.6696181689406464
12.06	-1.350391447954186	1.9062411789478588	1.5818409001024927
12.09	-1.592489532388244	1.7870710291029435	1.484215230732644
12.12	-1.8174587996475515	1.645488132936979	1.3773281955950714
12.15	-2.022864564741269	1.483636974250484	1.2618149162814751
12.18	-2.20662530478386	1.3038401363471486	1.1383620472693625
12.21	-2.367083293223748	1.1083430961294682	1.007708121369129
12.24	-2.5028649379419883	0.899304864694769	0.8706377325824963
12.27	-2.61273612711034	0.6790085095522369	0.7279722383951069
12.3	-2.6956016790179755	0.4500503526457307	0.5805622278101326
12.33	-2.750616620412746	0.2153155160550426	0.42928434419677636
12.36	-2.777277435162207	-0.022223724573677592	0.2750402901745612
12.39	-2.7754206858536006	-0.2596908223378563	0.11875375768155612
12.42	-2.7451730721584116	-0.49432816979685307	-0.03863668398847302
12.45	-2.6869338211344913	-0.7234006072081457	-0.19618675036291164
12.48	-2.601407343050657	-0.9441265963107512	-0.35295405803397756
12.51	-2.489635112787931	-1.1537262623138145	-0.508002632284983
12.54	-2.352981632542252	-1.3495420651086467	-0.6604059893634404
12.57	-2.193089283585943	-1.529128498022191	-0.8092515883290935
12.6	-2.0118492198889144	-1.690266204710051	-0.9536475774984441
12.63	-1.8114035927881396	-1.830945512880551	-1.092730142391796
12.66	-1.594145938345244	-1.9493827697581705	-1.225669135269686
12.69	-1.3626855829327844	-2.0440768547987407	-1.3516714438902895
12.72	-1.1197866406496384	-2.113863114753303	-1.4699836422911723
12.75	-0.8683205720254621	-2.1579348304608637	-1.5798956672760727
12.78	-0.6112432240298575	-2.1758488842948203	-1.6807455833174887
12.81	-0.3515578157691909	-2.167545156721824	-1.7719239235585358
12.84	-0.0922216338736293	-2.1333720094567634	-1.8528763136853048
12.87	0.1639902169989102	-2.0740749240378533	-1.9231047054748953
12.9	0.41459677422298763	-1.9907213996432975	-1.9821686813430544
12.93	0.6574427530515488	-1.8845850027651367	-2.0296877271667855
12.96	0.89065755962292	-1.7570346821976999	-2.065343862378976
12.99	1.1125929343841994	-1.609448803142235	-2.0888833320909694
13.02	1.3217673368493041	-1.4431409201709293	-2.1001169451085424
13.05	1.5167943310996002	-1.2592981721562713	-2.0989199898008586
13.08	1.6962682161259035	-1.058979496120576	-2.0852328620760856
13.11	1.8586392446924997	-0.8432285609881596	-2.0590623602149414
13.14	2.002164744196918	-0.6132852411697532	-2.020482470176078
13.17	2.124995335119364	-0.37078355944627484	-1.9696337956893306
13.2	2.2253567102494567	-0.11780742933095253	-1.9067222525439664
13.23	2.301713410188658	0.14322158673426483	-1.8320184643118136
13.26	2.3528336647906074	0.40971287595534134	-1.7458583136096513
13.29	2.3777831493235486	0.6789852801829105	-1.6486433035732813
13.32	2.37594089564026	0.9482201679683776	-1.54083894563667
13.35	2.3470770411757433	1.2144008024444068	-1.4229711485761005
13.38	2.2914214249221563	1.474376084778642	-1.295622780835758
13.41	2.2096216256201977	1.725057639594388	-1.1594325695541583
13.44	2.1025929078436514	1.963608697347463	-1.0150958141747977
13.47	1.9713933169513587	2.187476267630694	-0.8633636945920129
13.5	1.817254586967517	2.3942694989774806	-0.7050384489406093
13.53	1.6417394711605076	2.581639608182041	-0.5409654635754048
13.56	1.446840074657022	2.7473077103371657	-0.3720266646899702
13.59	1.2348626662302158	2.8892246379902713	-0.19913865062770492
13.62	1.0081574830434572	3.005705719774202	-0.02325406644854367
13.65	0.7689336121786635	3.0954154738579605	0.1546393842637376
13.68	0.5193412643384528	3.157242932513226	0.3335265179805064
13.71	0.2617399925659315	3.190221664690155	0.5123768724514608
13.74	-0.001134466903210257	3.1935848433229443	0.6901545423237624
13.77	-0.266312836376564	3.166879615851573	0.8658203351690633
13.8	-0.530946540878618	3.1099893211101026	1.0383283502405525
13.83	-0.7925479041656533	3.023020230215379	1.2066250830858312
13.86	-1.048885395715896	2.9061796648000793	1.369657311775028
13.89	-1.297639534810386	2.7598001263308314	1.5263864806067882
13.92	-1.5361659493651652	2.584501172290111	1.6758003093461167
13.95	-1.761605821862178	2.381302226221684	1.8169142654771826
13.98	-1.9712299309283545	2.151521192506515	1.9487650829163683
14.01	-2.1626616250981483	1.8965279498660732	2.0704064910169473
14.04	-2.333750642201094	1.6176311314334157	2.180915532987583
14.07	-2.4822409336877147	1.316310055702156	2.2794075785983123
14.1	-2.605612232031046	0.9946814074519509	2.365049336696887
14.13	-2.7013277859766562	0.6558140525265103	2.437060785247817
14.16	-2.767327305556796	0.303569310488239	2.4947077675662848
14.19	-2.802361649826409	-0.05797083125169091	2.5372965722287395
14.22	-2.8059243126885542	-0.4250682933719057	2.564180622633165
14.25	-2.7779229080030268	-0.7944872573610025	2.5747784423251407
14.28	-2.7184430744614283	-1.1632246206337673	2.5685919096526115
14.31	-2.6277922498352226	-1.5281518404072183	2.54521413597375
14.34	-2.506682972046172	-1.8859175048770618	2.504326344464087
14.37	-2.35628470400601	-2.2331530344808725	2.4456927740562864
14.4	-2.178056555454336	-2.56673433188854	2.369162790568931
14.43	-1.9735385485559949	-2.8838530700858214	2.274680953996347
14.46	-1.744321053661887	-3.181889625611502	2.162298091560834
14.49	-1.4921955814632009	-3.4582745678345037	2.032177105905123
14.52	-1.2192753704988697	-3.7104885245833885	1.8845944877438834
14.55	-0.9279114281528126	-3.936164204097297	1.7199436384054605
14.58	-0.6204776985364021	-4.13314689355864	1.5387434489966068
14.61	-0.2992733694990304	-4.299449068434564	1.341648563832571
14.64	0.033317316352711	-4.43318355946295	1.1294547703094502
14.67	0.3745510039985057	-4.532591302025589	0.90309767749055
14.7	0.7212287286351949	-4.596160184965954	0.6636499322717739
14.73	1.0699061697532526	-4.622712085916601	0.41232332010937656
14.76	1.4172254140262124	-4.61136831165152	0.15047545776038265
14.79	1.7600498679461705	-4.561457206010893	-0.12038638909039054
14.82	2.095281664204703	-4.4725156084366455	-0.3986112374197813
14.85	2.4195689249894774	-4.344439621097258	-0.6824186482211471
14.88	2.729227083957867	-4.177658607270601	-0.9699127241831024
14.91	3.020482465269802	-3.9731514403278525	-1.2590892662092759
14.94	3.289824275104777	-3.732278411568422	-1.5478389672323452
14.97	3.5341572659916927	-3.4566097925214003	-1.8339563888833887
15.	3.750669219055861	-3.1479566170051574	-2.1151612052885334
15.03	3.9366218554468473	-2.8086024781466756	-2.389128053105676
15.06	4.089335523340375	-2.4415077055055643	-2.6535149606020614
15.09	4.206420472098658	-2.0502576352421795	-2.90598435585842
15.12	4.286056803856739	-1.6387681192421344	-3.144220570046174
15.15	4.327103130116824	-1.2109965852240272	-3.365952936223239
15.18	4.329017504888739	-0.7708854965886717	-3.5689887936499263
15.21	4.291758729965639	-0.3225055943538317	-3.7512514506124104
15.24	4.215801535886913	0.12985728329695073	-3.9108143111995664
15.27	4.102205561704978	0.5818774933128034	-4.045927400132615
15.3	3.9525619269500853	1.0295570498259041	-4.155040217140606
15.33	3.7687423126224258	1.469496657073928	-4.236826751754947
15.36	3.552582336893042	1.8988400450406855	-4.2902132207768755
15.39	3.305713711753737	2.314932827379043	-4.314403248869679
15.42	3.029630838122423	2.714954035873827	-4.308895339851806
15.45	2.725881821087087	3.095750174946802	-4.273492754306978
15.48	2.3962175695067995	3.453893157959725	-4.208309728798441
15.51	2.0426539554870415	3.785821120267108	-4.113776091664404
15.54	1.6675374125574611	4.087944601497817	-3.9906376474306793
15.57	1.2736864275192248	4.35673258281147	-3.839948340104352
15.6	0.8645382980840428	4.588856267096756	-3.66305393364378
15.63	0.4441490100870133	4.781398659289473	-3.4615711616056744
15.66	0.01699088958086373	4.932040384780746	-3.2373658403372536
15.69	-0.41232991086150983	5.039135931059745	-2.9925290143587753
15.72	-0.839255563233088	5.10169290706832	-2.7293475055047316
15.75	-1.2593039285878573	5.1193367629102635	-2.4502678764864254
15.78	-1.6680517216012287	5.092307054056876	-2.157857724941881
15.81	-2.061203404659295	5.021450458021509	-1.8547693048424423
15.84	-2.434741182623517	4.908162851924183	-1.543706190678232
15.87	-2.7850345705793025	4.754301236133247	-1.2273892501261858
15.9	-3.108830999480192	4.562133633852331	-0.9085193157472888
15.93	-3.4031942868574308	4.334342487826981	-0.5897396780912381
15.96	-3.6655204759341773	4.074004954815778	-0.2736048506372741
15.99	-3.8936558101002183	3.784474413097819	0.03744176194398059
16.02	-4.08599383731993	3.4692086591663482	0.3410858906050047
16.05	-4.241425269033482	3.1316917455465876	0.6351628809598467
16.08	-4.359174716696792	2.7755267090780054	0.917681186687697
16.11	-4.438697951544146	2.4045763590634976	1.1868414008261645
16.14	-4.4797551807354985	2.022924579279553	1.4410429956499813
16.17	-4.482569958831875	1.6345844779100986	1.678879787875879
16.2	-4.447866802431877	1.2431724278121379	1.8991340870517504
16.23	-4.376704790027807	0.8518781139291639	2.1007783686986743
16.26	-4.270261992231763	0.4638123925144668	2.2829825227969844
16.29	-4.129798624148814	0.08241252096136563	2.4451156135114047
16.32	-3.9568256855159207	-0.28854766816692823	2.586733977583972
16.35	-3.7532420152685537	-0.6454539039380153	2.7075600274035647
16.38	-3.5212024922896528	-0.9854328775341368	2.807465028301921
16.41	-3.2628027101502313	-1.3064158431298565	2.8864642008509285
16.44	-2.979977814409903	-1.6065061226677437	2.9447181346847278
16.47	-2.6749222752768222	-1.8831620744866056	2.9825258339393232
16.5	-2.3508329750724846	-2.1330019658795663	3.0003019013978887
16.53	-2.0123090267888837	-2.352583995782697	2.9985472548176553
16.56	-1.6648353783447924	-2.539655656622429	2.977832311000463
16.59	-1.3134884460183904	-2.693893504316872	2.9388029804776385
16.62	-0.9617266291309723	-2.8165478058183493	2.882200003964727
16.65	-0.6111507644116813	-2.9093040009990783	2.8088696242116358
16.68	-0.26238323991208307	-2.973241852270036	2.719750501029626
16.71	0.08362341633175285	-3.008568468782939	2.6158420679972996
16.74	0.4247834841759503	-3.015105068002281	2.498174702140233
16.77	0.7580291996873392	-2.992951606276116	2.367798891410851
16.8	1.0800999738081651	-2.9427640098267545	2.225793123414918
16.83	1.388247262441916	-2.865557749892541	2.0732750768653405
16.86	1.6803638097829312	-2.762398411353439	1.9114008418367168
16.89	1.9546198386707425	-2.63435068536513	1.741350188871154
16.92	2.2090655561959096	-2.4827064409037525	1.5643086729143607
16.95	2.4415665060977427	-2.3092080942572943	1.381458264482511
16.98	2.6500578038133398	-2.1160162213030578	1.1939783698710766
17.01	2.8328286542357284	-1.9054565018629803	1.0030493411074117
17.04	2.9885973455336936	-1.6797992314064378	0.8098499002962325
17.07	3.1163869238239617	-1.4412622902716872	0.6155473499538773
17.1	3.215384570412106	-1.1921828322442352	0.4212865363370751
17.13	3.2849244168274345	-0.9351445142741466	0.22818357912105178
17.16	3.3245728065064717	-0.6729221216020334	0.03732462953571737
17.19	3.3342024334167317	-0.4083051803344308	-0.15023494351679972
17.22	3.3139886583912816	-0.14396835632141342	-0.3334748594507191
17.25	3.264360333162667	0.11752194074862661	-0.51141709667364
17.28	3.1859707689474863	0.37362750550188956	-0.6831321902870666
17.31	3.079705718210079	0.6218053983935586	-0.8477422143536144
17.34	2.946692633131563	0.8595644617731084	-1.0044216457492567
17.37	2.7882821467399883	1.084547780389505	-1.1523990862247349
17.4	2.6060164168009097	1.294562846910906	-1.2909611073613105
17.43	2.4016147548724236	1.487556268370564	-1.4194565982220775
17.46	2.1769760270241747	1.6615932001725033	-1.5372992214525911
17.49	1.9341674492902925	1.81488089960304	-1.6439675212273939
17.52	1.6753871773541895	1.9458077573712973	-1.7390044573013472
17.55	1.402934142891571	2.052944710959668	-1.8220181928169459
17.58	1.119229757962548	2.13500562598617	-1.892684024402064
17.61	0.8268874459865809	2.190823423173222	-1.950745777195724
17.64	0.528768837661442	2.219393491581293	-1.9960155062188467
17.67	0.22796983627108172	2.2199709773443677	-2.0283721511487522
17.7	-0.07225321664321327	2.192163038344047	-2.0477606881989763
17.73	-0.3685543461626865	2.1359840207808443	-2.054192332005927
17.76	-0.6575309151547718	2.0518990519177716	-2.0477447643261764
17.79	-0.9357625372339151	1.9408854020120843	-2.02856115910223
17.82	-1.1999279254246646	1.8044770853469876	-1.9968481948582548
17.85	-1.4469989351330899	1.6447124151845194	-1.952874541368097
17.88	-1.6744098350191712	1.4639586075072444	-1.8969707878421043
17.91	-1.8800908680830823	1.2647040533176632	-1.8295298852528357
17.94	-2.062363242011334	1.0494558146126702	-1.751006098483706
17.97	-2.219808549086229	0.820785836026486	-1.6619116551196813
18.	-2.351226526023911	0.5814210742954723	-1.5628126328669625
18.03	-2.4556837186858878	0.3342305138719134	-1.454326516473725
18.06	-2.532557617591495	0.08208121472085744	-1.3371220195332425
18.09	-2.581503477948461	-0.17230585557460662	-1.2119189233920007
18.12	-2.602381080931567	-0.4263475948450963	-1.079484907098141
18.15	-2.5952407411643224	-0.6774367390825441	-0.94062876107524
18.18	-2.5604029840504987	-0.9227948621860336	-0.7961927339636986
18.21	-2.4985472058965583	-1.15951219550504	-0.6470475490397168
18.24	-2.4106963423354886	-1.384765708266327	-0.4940907681976245
18.27	-2.298095469450756	-1.5960252603752079	-0.3382453894409563
18.3	-2.1621144089846585	-1.7910674213722269	-0.18045474981259887
18.33	-2.004297359941632	-1.9678127407365056	-0.02167304355103846
18.36	-1.8265233482569345	-2.1241821693370015	0.137145018241867
18.39	-1.6310969555491166	-2.258144316150541	0.29505095435466905
18.42	-1.4206311770064322	-2.367923639781137	0.45110469326638963
18.45	-1.1977926402683123	-2.4521747912091487	0.6043757564303927
18.48	-0.965140205071349	-2.5099731839447603	0.753948062497176
18.51	-0.7252140014571592	-2.54067118677389	0.8989293450238226
18.54	-0.4807776336611948	-2.5438039300570736	1.0384613991107268
18.57	-0.234940223898884	-2.5191568215698106	1.1717262232227208
18.6	0.009016718897266894	-2.4669149274598396	1.2979468356843356
18.63	0.24799237751571682	-2.3877202331156533	1.4163864866354772
18.66	0.4792949466294273	-2.282573278777685	1.526351228756178
18.69	0.7005564536140306	-2.152701746620689	1.6271970797638275
18.72	0.909460178218162	-1.9995600136418359	1.71833801929842
18.75	1.1036020401449866	-1.824961836883234	1.7992498312380865
18.78	1.2806780068903327	-1.6311573437120384	1.8694686069728492
18.81	1.4388573456299107	-1.420668855543217	1.9285877627743582
18.84	1.576997708669049	-1.1959253741702467	1.976258581820252
18.87	1.6944881365030207	-0.9589639031300936	2.012195293490668
18.9	1.7908403509223407	-0.7114527770968156	2.0361804771772474
18.93	1.8653627375757864	-0.4550315581309446	2.04806541414383
18.96	1.9171543761071113	-0.1916951568587995	2.0477642892157797
18.99	1.9453613210930103	0.07607642550506748	2.035246878085522
19.02	1.9494320876848046	0.3455083352560291	2.0105360319274235
19.05	1.9291733362676213	0.6138374334391122	1.9737122175875208
19.08	1.8846414179771211	0.8784736057017999	1.924921374638918
19.11	1.8160537506737535	1.1369362635037894	1.8643799465530653
19.14	1.7238326358253615	1.386704884630854	1.7923740856806372
19.17	1.6087178703841132	1.6251675093920588	1.7092553735651697
19.2	1.4718109981937255	1.8497137148230693	1.6154377694226725
19.23	1.314509919753922	2.057868794856946	1.511398000406314
19.26	1.1384271269406672	2.247355477024274	1.3976772381642584
19.29	0.9453939923488859	2.416079498613242	1.274880261598135
19.32	0.737530838619959	2.5621223156512967	1.1436708490532772
19.35	0.5172607808765327	2.6837943727852274	1.0047659003951093
19.38	0.2871933812439898	2.7797092616695487	0.8589316635899948
19.41	0.04995335698397101	2.848804868932945	0.7069825689491648
19.44	-0.19189337528157846	2.8903021486031992	0.5497797570757631
19.47	-0.4357576830119959	2.9036696794373373	0.38822618632843814
19.5	-0.678900247614844	2.8886519775964947	0.22325848501931042
19.53	-0.9184289031537415	2.845331481016129	0.05583894157213478
19.56	-1.151464876866474	2.774137714857554	-0.11304933330531103
19.59	-1.375343553302153	2.6757690674035444	-0.282404692913973
19.62	-1.5876743313149875	2.5510984127433485	-0.45121037976781175
19.65	-1.7862270189148142	2.4011649948222096	-0.6184419078952144
19.68	-1.9687876796635229	2.227262353516988	-0.7830772003476807
19.71	-2.1331499680212183	2.0310130183310577	-0.9441053080256764
19.74	-2.277258176049582	1.8143148987761435	-1.1005308041017898
19.77	-2.3993582514167113	1.5791732073467242	-1.251375225385944
19.8	-2.4980109758490427	1.3275627135979888	-1.3956797887829657
19.83	-2.5719703659837054	1.0614499420366357	-1.5325120533291492
19.86	-2.620063572476831	0.7829479709118522	-1.6609748307964685
19.89	-2.641187222823542	0.4944402868114996	-1.7802130099916893
19.92	-2.6343957711489314	0.19854344302561486	-1.8894157725452816
19.95	-2.5989634499813516	-0.1020474289246395	-1.9878160138548773
19.98	-2.534357556420209	-0.40465359934330386	-2.074691137260694
20.01	-2.44019557764393	-0.706526678757695	-2.149367429870853
20.04	-2.316308301983282	-1.0046530378139449	-2.2112261750727225
20.07	-2.1629289232876054	-1.2956527792758592	-2.2597078149532748
20.1	-1.9808831864161809	-1.5759097074875361	-2.2943126314128435
20.13	-1.7716324188971504	-1.8418676440356825	-2.314600045280177
20.16	-1.5371527861304135	-2.0902971474775147	-2.320189784660199
20.19	-1.2797773483456867	-2.318398450518529	-2.3107657869115803
20.22	-1.00212424455925	-2.5237762073077756	-2.2860806370399507
20.25	-0.7070958338707266	-2.7044114945346176	-2.2459580726204336
20.28	-0.39782729129899314	-2.8586889723898836	-2.1902937523789197
20.31	-0.07751629185218811	-2.985418342307765	-2.119056829556162
20.34	0.2507818504758744	-3.083769804227083	-2.032294034108903
20.37	0.5842345961167406	-3.1531406100422563	-1.930134876179958
20.4	0.9201258028288162	-3.1930581466025907	-1.8127949541189174
20.43	1.2556717140824263	-3.203192892862698	-1.6805763455582408
20.46	1.5879349875376438	-3.1834371990131722	-1.5338675634973031
20.49	1.9139054437290264	-3.1339399552588376	-1.3731463956953254
20.52	2.2306498122885823	-3.0550499962779565	-1.198985741040247
20.55	2.5353786460861305	-2.9472389565679915	-1.0120586669752412
20.58	2.8253827834263765	-2.811107306679793	-0.8131388913045523
20.61	3.0979327501622653	-2.647483967441815	-0.6030972107453156
20.64	3.3502627795037694	-2.4575186729689125	-0.3828984894117768
20.67	3.5796597814917006	-2.242669730290628	-0.15360294617639395
20.7	3.783569377642436	-2.0046075510755506	0.08362976637098321
20.73	3.9596328565320844	-1.7451491023909804	0.3275391390785562
20.76	4.105662884875557	-1.4662959838241134	0.576768540381868
20.79	4.219632915946966	-1.1703176024187216	0.8298736784517537
20.82	4.29972218478954	-0.8597608742694705	1.0853290862310327
20.85	4.344380031286843	-0.5373589663972772	1.3415302582149413
20.88	4.352356157226203	-0.20594710738375507	1.5967954492607732
20.91	4.322705997586857	0.1315026157708258	1.8493731357613565
20.94	4.254829326356177	0.47177082477089766	2.0974559763855254
20.97	4.148555259767337	0.8113838503168367	2.339195469065094
21.	4.004199000202783	1.1468167162500067	2.5727115058602528
21.03	3.822517357937226	1.4747749734055855	2.796098627270948
21.06	3.604617001002709	1.7922888371069525	3.007437614494016
21.09	3.3519748648026844	2.096521136374418	3.204818315774156
21.12	3.066635034653601	2.3845312119194797	3.3863687005969996
21.15	2.751380269811401	2.6533732811535446	3.550277766376349
21.18	2.4095188636624876	2.900614494206442	3.694805847256802
21.21	2.044146378000955	3.1248623382539527	3.818291009719187
21.24	1.6572539020521841	3.3257089564715443	3.9191689182327845
21.27	1.2494013529543397	3.5029053314626197	3.9960145022410907
21.3	0.8204375730941978	3.655267354742541	4.047593338374203
21.33	0.37100341831202077	3.7801590915168344	4.072898556405113
21.36	-0.09613019683143707	3.8740226631450723	4.0711588323793935
21.39	-0.5758438095349168	3.9335826847331616	4.041827123748863
21.42	-1.0617371108161735	3.95678338729604	3.984575607404274
21.45	-1.5476694423439288	3.942792962237053	3.899314241387418
21.48	-2.0286493543559807	3.891296899709467	3.786226020480175
21.51	-2.5005811303372676	3.801917228261381	3.6457949114900883
21.54	-2.9593442249177744	3.674349790312424	3.478808755097525
21.57	-3.4001295716198605	3.5090207887905756	3.2863417611777934
21.6	-3.8175749386560973	3.3075444727856667	3.069736717258431
21.63	-4.206470014917378	3.0724979876018033	2.83060079216386
21.66	-4.562366084491774	2.806735440979848	2.5708086723853136
21.69	-4.881652728688463	2.5129095562082746	2.2924942081878403
21.72	-5.161227279395084	2.193620654594765	1.9980192812517215
21.75	-5.398205663201203	1.8519615678869523	1.6899274625307794
21.78	-5.589964029330386	1.4918518313503306	1.3709004223376382
21.81	-5.734411441054072	1.117805269040568	1.0437271963199457
21.84	-5.830193330731853	0.7343524652713452	0.7112798374845083
21.87	-5.876666313418175	0.3456470374491043	0.37648128042318374
21.9	-5.873748893647186	-0.04445281928317228	0.04225934927797797
21.93	-5.821842261984223	-0.4320258962293455	-0.2885050614610657
21.96	-5.721878382154512	-0.8128841060299162	-0.6130223495982325
21.99	-5.575385647365383	-1.1827384397676561	-0.9286255432198944
22.02	-5.384454808280655	-1.5375604855714207	-1.2327942082807772
22.05	-5.151618963026085	-1.8738093534136882	-1.5231794817511533
22.08	-4.87975677359655	-2.1883843010048385	-1.7976320523780132
22.11	-4.572080694210986	-2.4784499929771093	-2.054227195360288
22.14	-4.232157167698841	-2.741362518827556	-2.291280544324152
22.17	-3.86386906421064	-2.9747622404737495	-2.5073543636831506
22.2	-3.4713079689042794	-3.1767114004834154	-2.701259136491994
22.23	-3.05867022637862	-3.3457395546597586	-2.872054247173986
22.26	-2.6302184717235355	-3.4807930617236145	-3.019046908149608
22.29	-2.1902810182767487	-3.581186730532652	-3.1417862643716727
22.32	-1.7432116221546374	-3.6466195006631215	-3.240051984694296
22.35	-1.293284906458966	-3.6772140263844353	-3.3138400555319665
22.38	-0.8445899762309006	-3.67350824001031	-3.3633486525587926
22.41	-0.4009939598619684	-3.6363925785765576	-3.388964113223144
22.44	0.03383630864805324	-3.567049791345962	-3.3912451305141373
22.47	0.4564378850579431	-3.466929964295097	-3.37090474284878
22.5	0.8636282052453066	-3.337722437457677	-3.3287923683650726
22.53	1.2525948751508609	-3.1812762325440698	-3.26587824587129
22.56	1.6208918433380561	-2.9994968393808104	-3.183239753271855
22.59	1.9663166554803817	-2.794310491848464	-3.082046799959253
22.62	2.286770971718083	-2.5677388447393854	-2.9635450120599947
22.65	2.580234956356312	-2.322005289299135	-2.8290392564194224
22.68	2.844875928838606	-2.0595428289498954	-2.679881436786524
22.71	3.079178335504713	-1.7828716563638587	-2.5174631293192262
22.74	3.281969878876981	-1.494467535801605	-2.3432088446081045
22.77	3.4523388528902887	-1.196772835835423	-2.158565107457792
22.8	3.5895556145389222	-0.8923546965031651	-1.9649854926110994
22.83	3.693096915035272	-0.5840369301012542	-1.7639172461030055
22.86	3.762745620609025	-0.2748269682351977	-1.556794929236176
22.89	3.798647315705396	0.03234272541277563	-1.345040204062954
22.92	3.8012561280506825	0.33483442306448913	-1.1300608071087597
22.95	3.771235288129282	0.6302766963629505	-0.9132425756061011
22.98	3.709433923320653	0.9163195502077687	-0.6959357328567053
23.01	3.6169684125456003	1.1904323167315245	-0.47944310682664076
23.04	3.4952988691645768	1.4499743755839558	-0.26501671593988696
23.07	3.346175916176579	1.6924985926333578	-0.05386123785039792
23.1	3.1714750330928934	1.9160076677289	0.15286368239814654
23.13	2.973081617206023	2.1189245821912306	0.3540487668469675
23.16	2.7529603967571084	2.299823106694465	0.5486464540943077
23.19	2.5133466584392763	2.4572023033311745	0.7356802798539758
23.22	2.256840454890206	2.5895367908226357	0.9142461216872094
23.25	1.9862551542255222	2.695548647232312	1.083507082208238
23.28	1.7043217631127239	2.774425152721409	1.2426896075877192
23.31	1.4135248579349176	2.8257755849931363	1.3910863305914634
23.34	1.1162414220497734	2.8493969835631856	1.5280636051336167
23.37	0.81505259899871	2.8451065611643727	1.6530667254064653
23.4	0.5129040620526115	2.8128055422235554	1.7656183791635678
23.43	0.21291861835464665	2.7526761978633836	1.8653129199315794
23.46	-0.0819914277023379	2.6652717008632507	1.9518129573295437
23.49	-0.3693445307609416	2.551393869397758	2.0248515399052125
23.52	-0.6469147873157779	2.4119141737918093	2.084236543157023
23.55	-0.9123130316522085	2.247783667749944	2.1298511100580715
23.58	-1.1627274998757238	2.0602859814110306	2.161648224096175
23.61	-1.3950996263476376	1.8513080973774023	2.1796442787107844
23.64	-1.6066186659739012	1.6233378551401525	2.1839185103649292
23.67	-1.7951382300728336	1.379137253102917	2.1746198750307033
23.7	-1.9592124966327218	1.1213525225370902	2.1519754012143744
23.73	-2.0978059611730804	0.8523822725545163	2.116291773619593
23.76	-2.2099890961819657	0.5745740782758736	2.067947308632759
23.79	-2.2948706216067154	0.2905198874382036	2.007379467710329
23.82	-2.351749197713801	0.0031636381231500313	1.9350761063514745
23.85	-2.380281586519223	-0.28435236372000955	1.8515742345795156
23.88	-2.380516707696753	-0.5689294240460291	1.757462838592225
23.91	-2.352827260402125	-0.8476303608017283	1.6533832600185514
23.94	-2.2978639433481143	-1.1176325041187356	1.5400241519824989
23.97	-2.2165815455806888	-1.3761509147614985	1.4181139661878495
24.	-2.1102645173699957	-1.620466996464787	1.2884161282254873
24.03	-1.9804709535868854	-1.848050270990856	1.1517286381207525
24.06	-1.8289242716597685	-2.056647225695189	1.0088847332988065
24.09	-1.6574666602060395	-2.2442538606937346	0.860749879481386
24.12	-1.4681317736715809	-2.4090254491293313	0.7082139973278592
24.15	-1.263252296860354	-2.549246089717817	0.5521825519241729
24.18	-1.0454577137101986	-2.6634076798757924	0.3935710337685906
24.21	-0.8175219389038646	-2.7503230324103023	0.23330363279162933
24.24	-0.5821848375914555	-2.8091646897019946	0.07231248978596591
24.27	-0.34211260136640465	-2.8394113252739186	-0.08846669539486618
24.3	-0.10002300906051054	-2.8407868909454095	-0.24810322708245827
24.33	0.14117525647334098	-2.8132750714073165	-0.4056805432538157
24.36	0.37840398354494376	-2.7571922710412546	-0.5603018655244866
24.39	0.6086116496362574	-2.6732273894052585	-0.7110918371538619
24.42	0.8289797418879583	-2.5623958185054017	-0.857197408483431
24.45	1.0369656451122171	-2.4259608586031955	-0.9977915620408729
24.48	1.2301784197540628	-2.2654189904994007	-1.1320802538294197
24.51	1.406252741360021	-2.0825698780961033	-1.2593095936816243
24.54	1.56288006642536	-1.8795828262450223	-1.378770088375957
24.57	1.6979888835458066	-1.6589580925414564	-1.4897976543822211
24.6	1.8099187003320565	-1.4233874764854673	-1.5917739757164227
24.63	1.8974552678245369	-1.1756284237406338	-1.6841288370086394
24.66	1.9597489515993507	-0.9184914540798788	-1.7663445525783212
24.69	1.996249369042992	-0.6549100326640704	-1.8379603057129357
24.72	2.006742362480361	-0.3879566300159612	-1.8985743786096687
24.75	1.9914340317122845	-0.12070930231349605	-1.947844427310211
24.78	1.950953905183171	0.14397470341946578	-1.9854876842444904
24.81	1.886224597787442	0.4036144124458852	-2.0112825299366195
24.84	1.7982807786065154	0.6560758705689415	-2.025070989295839
24.87	1.6881663971436482	0.8994015407455307	-2.0267605562023734
24.9	1.5569523552434983	1.1316483824487813	-2.0163245104417533
24.93	1.4058006889390087	1.3508431663277645	-1.9938015351933005
24.96	1.2359844308558778	1.5550321527048494	-1.9592960120650498
24.99	1.0488641523245388	1.7423242769002192	-1.9129792199762297
25.02	0.8459052229545877	1.9108746499618072	-1.8550901693496602
25.05	0.6287875230593994	2.0588576465345128	-1.7859347654401878
25.08	0.39954305182963495	2.1845110981634104	-1.7058835519869369
25.11	0.1605929742341513	2.2862597789101207	-1.615369687192746
25.14	-0.0853709286104278	2.362836876403936	-1.5148883495098266
25.17	-0.3355730067891998	2.4133227597363893	-1.4049967973503295
25.2	-0.5872610158082817	2.43710973681934	-1.2863129558830169
25.23	-0.8376750021947021	2.433874120982924	-1.1595113113890516
25.26	-1.0839633634943786	2.40360966270015	-1.025317279843477
25.29	-1.3231800938494145	2.346685797097175	-0.8845025561056649
25.32	-1.5524037698179411	2.2638506949731863	-0.7378826547523512
25.35	-1.7688892004277104	2.1561560146810765	-0.5863151204185508
25.38	-1.9701347976703567	2.0248702297201433	-0.43069559787526723
25.41	-2.1538433716217136	1.8714615586407886	-0.2719506342416896
25.44	-2.317860541896115	1.6976496736549727	-0.11102913179241079
25.47	-2.4601805793541858	1.5054421924339654	0.0511044185265132
25.5	-2.5790210427586437	1.2970859461844548	0.21347382282530958
25.53	-2.6728924013323017	1.0749592573480873	0.3750943320349782
25.56	-2.740606335034512	0.8414969730069982	0.534978190350157
25.59	-2.7812418903806218	0.5991965485889506	0.6921432746690557
25.62	-2.7941258097799047	0.35065304838164246	0.845622130303672
25.65	-2.778844391813243	0.09853678232841039	0.9944680643825091
25.68	-2.7352504484147726	-0.15449484958752335	1.137757920136422
25.71	-2.663435980596358	-0.4058633480140771	1.2745946308989955
25.74	-2.5636977645922783	-0.6530359410812674	1.4041127567185332
25.77	-2.4365434137249906	-0.8934356087880636	1.525486550025473
25.8	-2.282726262302962	-1.1244229869122426	1.6379365348303578
25.83	-2.103231170501168	-1.3434081226907684	1.7407312810588833
25.86	-1.899172356757718	-1.5479786950664298	1.833185805627672
25.89	-1.6717069799598738	-1.7358613020858316	1.9146619545519217
25.92	-1.4221564561243483	-1.9046887470103802	1.9845745356309286
25.95	-1.1524028481102044	-2.05180438461381	2.0424006512026858
25.98	-0.8653361498340153	-2.1744104025432054	2.087684778595257
26.01	-0.5649388925293404	-2.270110177545449	2.120034278222329
26.04	-0.2557635846043678	-2.337498680581796	2.139108186634966
26.07	0.057970736165347383	-2.376322586911006	2.144608986730099
26.1	0.3730676023346842	-2.3870564762397146	2.136285638961526
26.13	0.687344880727174	-2.3702445954466222	2.1139471038455104
26.16	0.9989806050471252	-2.3261508722817217	2.07747694081472
26.19	1.305758893651541	-2.2549571790150513	2.026839331597099
26.22	1.6047936958605056	-2.1572428833052255	1.9620751853916092
26.25	1.8928683451526893	-2.0342408339997413	1.8832958246051117
26.28	2.1670183965130616	-1.88761341972687	1.790682741040791
26.31	2.4248500375372415	-1.7189803982698368	1.6844945434321315
26.34	2.664403053339524	-1.5296726513810401	1.5650742527801453
26.37	2.8837931227563898	-1.320947793501544	1.4328496590335138
26.4	3.0810083153286585	-1.0944383822870696	1.2883267600718629
26.43	3.25401306504694	-0.8523797668022431	1.1320835537712042
26.46	3.4009947671727803	-0.597393026129522	0.9647709335840831
26.49	3.5204901779004802	-0.3320389796558906	0.7871195890777388
26.52	3.6113088950252408	-0.058571478583672086	0.5999448307360277
26.55	3.6723995607141404	0.22089708776405517	0.4041425698586268
26.58	3.702836796933525	0.5040157606146871	0.20067813923025868
26.61	3.701940099901007	0.7879922634110531	-0.009423408688128417
26.64	3.6693772713811987	1.0697624975358282	-0.22507866005462382
26.67	3.605130267748125	1.346358229583552	-0.44514075166458783
26.7	3.509369424840663	1.6151288168991518	-0.6683965587001729
26.73	3.3823923604418287	1.8736484046354847	-0.8935728514355057
26.76	3.2247100196418557	2.1194569775972645	-1.119349418148986
26.79	3.0371922923484735	2.3499207404739417	-1.3443706997962543
26.82	2.821113052678131	2.562344126470682	-1.5672496659026103
26.85	2.5780398995774756	2.754208185883339	-1.7865659240894498
26.88	2.309680035600347	2.923313116315141	-2.0008658441692524
26.91	2.0178378742115877	3.0677366855884642	-2.2086702152768387
26.94	1.7045158294797584	3.185715710019678	-2.40848752870013
26.97	1.3720350965161765	3.2756101336649355	-2.5988262422825885
27.	1.0230332384572025	3.335991655091674	-2.77820178585062
27.03	0.660323541190128	3.3657616641490438	-2.945140409307156
27.06	0.2867336564238639	3.3641904853310605	-3.0981854030637126
27.09	-0.09495924345603188	3.3308681546846133	-3.2359086714997
27.12	-0.4819961724846266	3.265636075867667	-3.3569255987362134
27.15	-0.871598454317048	3.168546985421398	-3.459909203036694
27.18	-1.260984554583664	3.039831236787773	-3.5436022200559796
27.21	-1.6473992790573009	2.8798358359114458	-3.6068293035350316
27.24	-2.02807282917263	2.688965395475139	-3.6485118772977634
27.27	-2.4001019726411545	2.467698230911877	-3.667685465255857
27.3	-2.760343858760138	2.2167001666970854	-3.6635172562801057
27.33	-3.1054139770541607	1.9369639427193357	-3.635322637446343
27.36	-3.431783222292023	1.6298829514587772	-3.5825817231909407
27.39	-3.7358921789894666	1.2972546714556246	-3.504957149785908
27.42	-4.014228096216869	0.9412929438674816	-3.402312119188319
27.45	-4.263390734641893	0.5646954596564351	-3.274725999291292
27.48	-4.480194111046971	0.17069686531365982	-3.1225063149008982
27.51	-4.661786130548749	-0.23700819982041046	-2.9461989934197494
27.54	-4.805712553617892	-0.6544779596831994	-2.746599014208665
27.57	-4.9098967609082935	-1.0777178138100185	-2.524759916120069
27.6	-4.972610218717917	-1.5026866900736386	-2.2819970998764196
27.63	-4.9925337565474495	-1.9251309205940912	-2.0198815397226437
27.66	-4.968899242374527	-2.3404659497583267	-1.7402266695335542
27.69	-4.9015720344595355	-2.743913595732819	-1.445075020833222
27.72	-4.7909590130354776	-3.130850771774849	-1.1366872828030614
27.75	-4.637816226134685	-3.497086412716521	-0.8175280585943855
27.78	-4.443180276359156	-3.8388277127430994	-0.49023925228381243
27.81	-4.208553038253385	-4.152406978753497	-0.15759903771104306
27.84	-3.9361850478856892	-4.434100696548579	0.17752440872490172
27.87	-3.6291313496368134	-4.680294015579883	0.512211960343416
27.9	-3.2909277964223933	-4.887887843089889	0.8435224382521216
27.93	-2.925128067419757	-5.0545826918361	1.168521557151584
27.96	-2.535142278245545	-5.178791519471545	1.484323515252071
27.99	-2.124560890220285	-5.259315330509472	1.7881455970275426
28.02	-1.6976425395401833	-5.295153879842832	2.0773613380726466
28.05	-1.2594106183440545	-5.285660382281385	2.3495363254539603
28.08	-0.8151347306239846	-5.230858465536832	2.602445110122713
28.11	-0.3695899809265308	-5.1315545545230545	2.8340834859191637
28.14	0.07323153414481828	-4.989112869870716	3.0426909001754447
28.17	0.5096712093059949	-4.80515253377787	3.226782180664096
28.2	0.9356514463355639	-4.58152659206674	3.3851725223713203
28.23	1.3463991467174596	-4.320615217133758	3.5169812137929544
28.26	1.7370155185698057	-4.025552798938043	3.6216166470790987
28.29	2.1034582314205124	-3.699990167416264	3.6987598358000127
28.32	2.4430733705127574	-3.347458150740054	3.748360327768752
28.35	2.7541926902176987	-2.9708886609746727	3.770640409983682
28.38	3.0351477183430386	-2.572820020691135	3.7660898045147553
28.41	3.283565780114281	-2.1562315234672953	3.735438257038282
28.44	3.4965465728966754	-1.7253480708168165	3.679612504559469
28.47	3.6715412360140744	-1.2857077610412606	3.5996977922850726
28.5	3.8071908547520192	-0.8433711100104869	3.4969188663972544
28.53	3.9035156561972975	-0.4038470666140204	3.3726369439793937
28.56	3.9614710435233045	0.028517948425878167	3.2283459158675263
28.59	3.9823595560702554	0.4504083271739756	3.0656549109735054
28.62	3.9675281429387894	0.8589965122461638	2.886259534547269
28.65	3.918387031963108	1.2515264972273137	2.691914436742156
28.68	3.836510941213364	1.6252752556931611	2.484416050820365
28.71	3.723638810683351	1.9777342443458297	2.2655924665117078
28.74	3.5816080697244326	2.306715948763802	2.0372909677360465
28.77	3.4123544447187237	2.6102788757581794	1.8013588270276537
28.8	3.2179971925003468	2.8866072842367703	1.5596225894665996
28.83	3.0008904142272588	3.134014366816521	1.3138740892690752
28.86	2.7635453440072775	3.351067665485548	1.0658648256716305
28.89	2.508489019370211	3.53668774990173	0.8173019499806877
28.92	2.2382187146295167	3.690111887658592	0.5698384232780486
28.95	1.9553114691715374	3.810777437056463	0.3250574896001032
28.98	1.6625603018650406	3.8982676733316852	0.08445897880803181
29.01	1.3629538565754606	3.952381267384473	-0.1505458789515441
29.04	1.0594721936994194	3.97324072199163	-0.37863238213346173
29.07	0.7548755963897652	3.9613152831257814	-0.5985607156117517
29.1	0.4516872358859	3.9173377931461566	-0.8091806991581446
29.13	0.1523760937634484	3.842213489833683	-1.0094412079570356
29.16	-0.14046432668771977	3.737015201469747	-1.1983971422224768
29.19	-0.42414694959776444	3.603045985386325	-1.3752090291724226
29.22	-0.6961228642017222	3.4418658704143597	-1.5391373038094864
29.25	-0.9541985035201725	3.2552241284827756	-1.6895375874694736
29.28	-1.1965388870946458	3.0449566760313567	-1.8258608573796584
29.31	-1.4214750547426973	2.812955497169293	-1.9476564779403507
29.34	-1.6273230878968379	2.561233410128326	-2.0545730382545604
29.37	-1.8123913253757629	2.2919893648715624	-2.1463544895712223
29.4	-1.9751456608559226	2.0075685067820093	-2.222833830600449
29.43	-2.1143437735936237	1.7103304306517462	-2.2839283360595712
29.46	-2.2289990402922712	1.4025590129204868	-2.3296376769845115
29.49	-2.3182268828724406	1.0865267721587577	-2.3600426843937785
29.52	-2.381149630176481	0.7646753423493676	-2.3753019939383164
29.55	-2.4169674367280987	0.43974862713194485	-2.3756465660465946
29.58	-2.4251304153751922	0.11475236933889839	-2.36137462483526
29.61	-2.4054615877557497	-0.20722182562552524	-2.3328489504843386
29.64	-2.3581618691336392	-0.5231503800680187	-2.2904955626979353
29.67	-2.2837661423777056	-0.8301001800122889	-2.23480113449722
29.7	-2.1831504737114105	-1.1251663781959496	-2.166307985339118
29.73	-2.0575903670918843	-1.4054634772301802	-2.0856084760546367
29.76	-1.9087715050475098	-1.6682401447179764	-1.993341604573633
29.79	-1.7386835044299083	-1.9110446380703692	-1.890192360250808
29.82	-1.5494543207649678	-2.131807049379312	-1.7768913613398747
29.85	-1.343258983178701	-2.3287869464824333	-1.6542118552103435
29.88	-1.122366966896814	-2.5004644642661895	-1.522963871345601
29.91	-0.8892484998712514	-2.6454920314833226	-1.3839882727302555
29.94	-0.6465986957387251	-2.762742355222604	-1.2381534357442674
29.97	-0.39722796184053966	-2.8513846165716177	-1.0863542996380082
30.	-0.14391120145343853	-2.910905863879	-0.9295107900497104