lambda	x	y	z
0.	2.1757131728816854	0.	2.175713172881685
0.03	2.1615194151530503	0.3023391577260129	2.1690753586356033
0.06	2.119095772696784	0.6015544009676083	2.149197943145381
0.09	2.0489143964947547	0.894551796134141	2.1161889180667295
0.12	1.9517584447987903	1.1782996606023117	2.0702279641921604
0.15	1.8287139640269736	1.449862035691998	2.0115659762810947
0.18	1.6811577036749306	1.7064302086843146	1.940524364453535
0.21	1.51074308912771	1.9453509562991267	1.8574941012280826
0.24	1.3193850518769061	2.164153088809021	1.7629344778274794
0.27	1.1092418915316282	2.3605740589271726	1.6573715302375995
0.3	0.882692370862116	2.5325860783508873	1.5413960949748613
0.33	0.6423088138418245	2.678419602351418	1.4156614567494554
0.36	0.3908287787064753	2.7965829474208874	1.280880555221949
0.39	0.13112672679129356	2.885878640991527	1.137822725703096
0.42	-0.13381545983087867	2.9454174901604446	0.9873099586545977
0.45	-0.4009410849373182	2.974630092844339	0.8302126747835755
0.48	-0.6671544639923873	2.9732744608356354	0.6674450258318775
0.51	-0.9293576912595795	2.941438953426898	0.49995974519065495
0.54	-1.1844858754703187	2.8795410804902732	0.3287425865038472
0.57	-1.42954044759855	2.788323162362136	0.15480640172069016
0.6	-1.6616220437310103	2.6688448329794277	-0.02081507810296252
0.63	-1.8779640717107677	2.5224713162417087	-0.1970736862256874
0.66	-2.0759659396836803	2.350856800612142	-0.3729134077620151
0.69	-2.2532235348171326	2.1559238010451858	-0.5472770272258856
0.72	-2.4075554296284705	1.9398403106305364	-0.7191127512249762
0.75	-2.537025382781733	1.704995634097732	-0.8873807240469939
0.78	-2.6399626286107245	1.4539740627327868	-1.0510593596448983
0.81	-2.7149803039068976	1.1895251262549857	-1.2091514221368052
0.84	-2.760990664964374	0.9145307713261043	-1.3606897978988375
0.87	-2.77721559917256	0.6319717432190117	-1.504742915031021
0.9	-2.76319250402748	0.3448953584276736	-1.6404197797169617
0.93	-2.7187769617932487	0.05638461964809257	-1.7668746130358117
0.96	-2.6441431424749307	-0.23047327069960752	-1.8833110853802861
0.99	-2.539781263725609	-0.5126201514017652	-1.988986158092966
1.02	-2.406490964992182	-0.7870603168613388	-2.0832135526416726
1.05	-2.245370909789532	-1.0508911318941458	-2.1653668761121723
1.08	-2.057806387287691	-1.3013297717837233	-2.2348824376343077
1.11	-1.8454559150461094	-1.5357380933003604	-2.2912617933540047
1.14	-1.6102356270959066	-1.7516480159027703	-2.334074057647417
1.17	-1.354299777600973	-1.9467868526911711	-2.362958015522321
1.2	-1.0800181268067701	-2.1190996686043526	-2.3776240657831686
1.23	-0.7899530623894265	-2.2667672394397003	-2.3778560168927956
1.26	-0.4868376905702591	-2.3882214179904673	-2.3635127479964297
1.29	-0.17355267006930256	-2.4821600673220576	-2.334529736819523
1.32	0.14690081175004768	-2.5475609068418192	-2.2909204447104052
1.35	0.4714310574949279	-2.5836919690294375	-2.2327775376100347
1.38	0.7968854484771782	-2.590118145211931	-2.1602739108433653
1.41	1.1200779486060035	-2.566705552348467	-2.0736634759724413
1.44	1.4378164318793825	-2.5136248335131395	-1.9732816601168972
1.47	1.7469324550146215	-2.4313521144012746	-1.8595455626459492
1.5	2.044313355751337	-2.3206657105524173	-1.732953711387443
1.53	2.326933999522332	-2.1826386793742287	-1.5940853607679755
1.56	2.5918860427213906	-2.0186291921015505	-1.4435992777276432
1.59	2.83640514759728	-1.8302699653225574	-1.2822319678140741
1.62	3.057897954524853	-1.6194555841684781	-1.1107953033503035
1.65	3.2539694097803507	-1.3883255347218937	-0.9301735276164481
1.68	3.4224489877433206	-1.139242494255449	-0.7413196230524904
1.71	3.561413877108829	-0.8747679352471889	-0.5452510469095482
1.74	3.669208629799985	-0.5976374644846117	-0.3430448537761017
1.77	3.7444622094297233	-0.3107361073892058	-0.1358322401510662
1.8	3.7861031739584248	-0.01707151902304931	0.07520743911887993
1.83	3.7933723688493237	0.28025652642561855	0.28885311997724294
1.86	3.765831836163812	0.5780893733543102	0.503848871180658
1.89	3.703369534241282	0.8732424742085837	0.7189110495680702
1.92	3.6062007773161198	1.162536077843182	0.9327356855576808
1.95	3.4748673639633583	1.4428243874437827	1.1440060162206254
1.98	3.310234087794124	1.711025520584034	1.3514000873502896
2.01	3.113481415274599	1.9641531378945254	1.553598353451942
2.04	2.88609395911069	2.1993477828604377	1.7492912150450126
2.07	2.629846162550656	2.4139050559477377	1.9371864454492234
2.1	2.346787106047754	2.6052998506379503	2.116016473524571
2.13	2.0392246425393874	2.7712086143921333	2.284545503772751
2.16	1.7097070275768422	2.909531778543683	2.4415764698593247
2.19	1.3610005222818025	3.0184159516555713	2.5859578310675215
2.22	0.9960641826975101	3.096273370484826	2.7165902325885862
2.25	0.6180250074731488	3.141797153827945	2.8324330591325495
2.28	0.2301549546023969	3.153973792442159	2.9325109164854366
2.31	-0.16415243020008924	3.132095163405013	3.0159200768865246
2.34	-0.5614091683154397	3.075769923794435	3.0818349211781295
2.37	-0.9580637282009741	2.984931863097642	3.1295144035122973
2.4	-1.3505317139570503	2.8598441721404693	3.158308553106991
2.43	-1.7352235172998105	2.7011017181975916	3.1676650124511143
2.46	-2.1085709515210147	2.509633355682718	3.157135592978137
2.49	-2.467056956465348	2.286702719082065	3.1263828082556544
2.52	-2.807248968700403	2.0339041843610417	3.075186322026782
2.55	-3.1258324768484287	1.753153693959002	3.003449224977082
2.58	-3.419641998947783	1.4466777012465502	2.9112040309793654
2.61	-3.6856906090520414	1.1170023958524875	2.7986182619446396
2.64	-3.9212006899163487	0.766941005227688	2.6659994714559896
2.67	-4.1236361989051336	0.39957519711309436	2.5137995422282673
2.7	-4.290734063938617	0.01822973372871704	2.3426180821752887
2.73	-4.420532713131906	-0.37355643206090183	2.1532047393896065
2.76	-4.511398104228084	-0.7720593542431072	1.9464602583533988
2.79	-4.562048567054644	-1.1734000619637401	1.723436108654083
2.82	-4.571578186998996	-1.573578727372211	1.485332533526189
2.85	-4.5394766156443875	-1.9685151964889451	1.233494888503817
2.88	-4.46564357565203	-2.3540941091063248	0.9694081698282432
2.91	-4.350398457849482	-2.726210663043503	0.694689667163036
2.94	-4.194486550658605	-3.0808148873954955	0.41107971447542274
2.97	-3.999082068223279	-3.41395576952688	0.12043055525270827
3.	-3.7657859012414057	-3.7218277275696954	-0.1753066180349481
3.03	-3.496615800873186	-4.00081954645176	-0.47409634679417534
3.06	-3.193989130707578	-4.247562778901222	-0.77383516641132
3.09	-2.860700779136134	-4.458976209486771	-1.0723692602882402
3.12	-2.4998984187438795	-4.632305551752137	-1.3675132910364494
3.15	-2.1150543391915737	-4.765160035405174	-1.6570701644422743
3.18	-1.7099310000435313	-4.855547172061721	-1.938851460816358
3.21	-1.28853897278896	-4.901904432304738	-2.2106982543654254
3.24	-0.8550897347802859	-4.9031250221377425	-2.470502034329201
3.27	-0.413947635563401	-4.85857629017379	-2.7162254415357525
3.3	0.030417058041752716	-4.768111843022925	-2.9459225401803684
3.33	0.47347627397540143	-4.63207903863078	-3.157758356239967
3.36	0.9106966288801425	-4.4513215223177545	-3.350027430056721
3.39	1.3375958336210145	-4.227174688850819	-3.5211711502502783
3.42	1.7497982567124206	-3.9614531122961347	-3.6697936582374675
3.45	2.1430852934924314	-3.656431863852002	-3.7946761363135484
3.48	2.513441161372587	-3.3148242485840234	-3.894789316669794
3.51	2.8570982731404118	-2.939755519130178	-3.9693040732428764
3.54	3.170583794115826	-2.5347295361861217	-4.017599982459128
3.57	3.450763549542157	-2.103587459615962	-4.039271762494042
3.6	3.6948784467865177	-1.650462271932248	-4.034133523543278
3.63	3.900573402090588	-1.179733557724218	-4.00222078388728
3.66	4.065922590448263	-0.6959818642242404	-3.9437902284469653
3.69	4.189452479601475	-0.2039380419932761	-3.859317208373267
3.72	4.270159566656931	0.2915739183226655	-3.749491002323999
3.75	4.3075197969963215	0.7856958949885098	-3.6152078827744942
3.78	4.301490745444745	1.2735909680276623	-3.4575620542305883
3.81	4.252509494140073	1.7504948778119516	-3.2778345546968155
3.84	4.161486426855035	2.2117677337288324	-3.0774802371757923
3.87	4.029792279265415	2.6529482047688737	-2.8581129741306404
3.9	3.859236962290808	3.069807278441417	-2.621489254324721
3.93	3.652042249855469	3.458396683182753	-2.369490367655247
3.96	3.4108116079297672	3.815090097452723	-2.104103398729343
3.99	3.1384977793136577	4.136619249218192	-1.8274012730502742
4.02	2.838365736242288	4.420107453119628	-1.5415221197474942
4.05	2.51394914277746	4.663100157965756	-1.2486482307154583
4.08	2.169002028888553	4.863589551304161	-0.9509849067844695
4.11	1.8074498053542682	5.02003098952954	-0.6507394862059993
4.14	1.4333422036616597	5.131351809965259	-0.3501008485701849
4.17	1.050806986264022	5.1969546510632165	-0.051219677820537525
4.2	0.6640016429600636	5.216716310144748	0.24381024884551028
4.23	0.2770626569572033	5.190981176600814	0.5329695034844234
4.26	-0.10594437905482983	5.1205479683075765	0.8143289693179908
4.29	-0.4810696957873345	5.006650167517029	1.08606414642275
4.32	-0.8445182868896123	4.850932067457866	1.346467666379378
4.35	-1.1926854142625252	4.65542188689156	1.593959924805598
4.38	-1.5221914370487104	4.422501720633652	1.827097785718829
4.41	-1.8299153970125837	4.154873490992678	2.044581356259596
4.44	-2.1130238041655973	3.8555214946532366	2.2452588727719243
4.47	-2.368991908025324	3.52767385466082	2.4281297780290703
4.5	-2.595618542452948	3.1747648250390275	2.5923461031740795
4.53	-2.7910381009498804	2.8003975670951786	2.737212295654034
4.56	-2.9537315602390257	2.4083055206930397	2.8621836553316555
4.59	-3.0825347839800146	2.002311988416698	2.966863554669475
4.62	-3.176641143916269	1.586290505614153	3.050999625359817
4.65	-3.235598286339792	1.1641291285087318	3.114479093304273
4.68	-3.259302081272409	0.7396985904066234	3.157323437003868
4.71	-3.247990227329685	0.316820935333474	3.179682532020665
4.74	-3.2022344729269205	-0.10076375260214986	3.1818284272129573
4.77	-3.122928923145685	-0.5094303605205167	3.1641488780500016
4.8	-3.0112745574027624	-0.905697195051666	3.1271407396667237
4.83	-2.868762818517671	-1.2862490626413026	3.0714032986190847
4.86	-2.6971596466679117	-1.647958814970845	2.99763159870192
4.89	-2.4984878274119904	-1.9879106884364586	2.9066097937644026
4.92	-2.275005439031261	-2.3034239875714975	2.7992045401544297
4.95	-2.029181728489498	-2.592073197937884	2.6763584240441762
4.98	-1.7636736061922662	-2.8517033283410944	2.539083405064368
5.01	-1.481303360297375	-3.080442968228445	2.3884542478461177
5.04	-1.1850347878221947	-3.2767174753962283	2.225601907478425
5.07	-0.8779453339489491	-3.4392616693434204	2.0517068335755364
5.1	-0.563195423995005	-3.567129617099054	1.8679921604477907
5.13	-0.24399836884778672	-3.659700403170545	1.675716757424998
5.16	0.07640754422478377	-3.7166809519633586	1.4761681231582873
5.19	0.3947865557987039	-3.738107213022207	1.270655120035953
5.22	0.7079352621826506	-3.7243433874396237	1.0605005588802432
5.25	1.0127150207002626	-3.676077723819629	0.8470336589520914
5.28	1.3060842422353343	-3.594314198243476	0.6315824230491912
5.31	1.5851277417580347	-3.480360990991571	0.41546598122130096
5.34	1.8470829321437228	-3.335817001398943	0.19998696849275446
5.37	2.089364948329168	-3.1625563166447552	-0.013575988765269949
5.4	2.309592277898021	-2.9627093225374974	-0.22397559711179377
5.43	2.5056119133949526	-2.73863970358268	-0.43000294778819365
5.46	2.6755213965318876	-2.4929184282072847	-0.6304942140548959
5.49	2.8176861613376847	-2.2282967861919696	-0.8243369172109024
5.52	2.930753000971637	-1.9476793862851858	-1.0104756928168728
5.55	3.0136615469340686	-1.654095998993607	-1.187917500026241
5.58	3.0656543323648795	-1.3506706756066855	-1.3557362306379115
5.61	3.086284053378742	-1.0405884258986724	-1.513076689758187
5.64	3.075416412186295	-0.727061888213192	-1.6591579359681732
5.67	3.0332286289678523	-0.41330030032354403	-1.7932759847875324
5.7	2.960205217276384	-0.10248059398628973	-1.9148058941887958
5.73	2.8571321084171744	0.20228164696355055	-2.0232032642155233
5.76	2.7250884508634563	0.49796276864094874	-2.1180051937739446
5.79	2.565434817743308	0.7816616063234106	-2.1988307459371894
5.82	2.3797980386529836	1.0506269167183728	-2.265380978320009
5.85	2.170054442604875	1.3022805493011824	-2.317438597125003
5.88	1.93831258115099	1.534238490253055	-2.354867292371245
5.91	1.6868942097879502	1.7443323715313959	-2.377610807795856
5.94	1.4183117382226074	1.9306309901407086	-2.38569179231086
5.97	1.1352427752561924	2.091458834906069	-2.3792104711621094
6.	0.8405045824502864	2.2254100409062434	-2.3583431646236344
6.03	0.5370297473121011	2.3313595251660644	-2.3233406707815756
6.06	0.22784092573101747	2.408473553679261	-2.2745265173616582
6.09	-0.08397797901986047	2.4562191860556357	-2.212295076282346
6.12	-0.3953134521133305	2.474370261038453	-2.137109524298755
6.15	-0.7030534581994706	2.463009244444374	-2.0494996243171233
6.18	-1.0041162562705146	2.4225265473622652	-1.9500592952097104
6.21	-1.2954786732907138	2.353618455771356	-1.8394439336522876
6.24	-1.5742063235380173	2.2572825258696816	-1.7183674499322794
6.27	-1.8374856492120601	2.134808609111761	-1.5875989809932147
6.3	-2.082655178134449	1.9877655108497714	-1.4479592482049355
6.33	-2.3072338721872114	1.8179851053010014	-1.3003165343426348
6.36	-2.5089468561097275	1.6275451359090973	-1.145582263734252
6.39	-2.685750116542439	1.4187497470329138	-0.9847061810671711
6.42	-2.835854649307591	1.194105844639291	-0.8186711373785843
6.45	-2.9577486400536204	0.9562949332174705	-0.6484875056355663
6.48	-3.050215854747717	0.7081423472955524	-0.47518726232282427
6.51	-3.11234974479834	0.45258615922160045	-0.2998177848502353
6.54	-3.1435640810476233	0.19264611917317429	-0.12343542663941454
6.57	-3.143600742298747	-0.06860895474899291	0.052901058221103844
6.6	-3.1125340849320398	-0.3280965875706408	0.2281371614153639
6.63	-3.0507707800230692	-0.5827578377809649	0.4012292541567865
6.66	-2.959044852201507	-0.8295935795279681	0.5711511233097085
6.69	-2.838408826573862	-1.065698001510066	0.7369003270799493
6.72	-2.6902219158480776	-1.288289812699128	0.8975042928475261
6.75	-2.5161350629918355	-1.4947428994051795	1.0520260879903502
6.78	-2.318071920285813	-1.6826169455444089	1.1995698052636885
6.81	-2.098205639266442	-1.8496862851550253	1.339285516858263
6.84	-1.8589328828248022	-1.993964638432556	1.4703737649740618
6.87	-1.6028468390723132	-2.1137251363739247	1.5920895708797893
6.9	-1.3327095506409918	-2.207517136060315	1.7037459582445016
6.93	-1.051422227868583	-2.2741813413982324	1.8047169993340073
6.96	-0.7619925614131293	-2.3128627687801555	1.8944404038441927
6.99	-0.4675002832975672	-2.323019689925442	1.9724196791957285
7.02	-0.17106368435809693	-2.3044276997803412	2.038225897667972
7.05	0.1241916307353424	-2.2571801887234484	2.091499109583461
7.08	0.41516335652032205	-2.181686854297199	2.1319494427969303
7.11	0.6988047533223696	-2.078669942071586	2.1593579270704053
7.14	0.9721581525982707	-1.9491564993507515	2.173577077745149
7.17	1.232386610096824	-1.794466329017264	2.174531266785436
7.2	1.4768016870480305	-1.6161976004077725	2.16221690120783
7.23	1.7028888221688694	-1.4162116196395995	2.136702419637259
7.26	1.9083328553617414	-1.1966154756154925	2.098128107818047
7.29	2.09104360329245	-0.959740346785509	2.046705723951455
7.32	2.2491789045292867	-0.7081158070253304	1.9827179153310552
7.35	2.381163547768501	-0.4444429253854792	1.9065173994778557
7.38	2.4857051162706956	-0.1715678111225292	1.8185258763638017
7.41	2.5618082876590877	0.10754588469041829	1.7192326338040778
7.44	2.6087872293044834	0.3898479029868807	1.609192806047457
7.47	2.6262743628078464	0.6722357243877718	1.4890252462310232
7.5	2.614224695641701	0.9515897202041015	1.3594099767902836
7.53	2.5729166235991237	1.2248067994918037	1.2210851880755504
7.56	2.5029502415212552	1.4888327971402107	1.0748437641229338
7.59	2.40524270181826	1.7406954749393433	0.9215293254123418
7.62	2.281019135688292	1.9775389223669464	0.7620317910318285
7.65	2.1317985487676845	2.196657804092752	0.5972824763590207
7.68	1.9593758962384105	2.395529020493326	0.42824875647941
7.71	1.7658020482260046	2.5718397452013946	0.25592833935958664
7.74	1.5533619367327558	2.7235127002135666	0.08134320554079064
7.77	1.3245495509778176	2.848729791939848	-0.09446671788019448
7.8	1.0820386728034808	2.9459537866883525	-0.27045007257123543
7.83	0.8286502400791682	3.0139464175660655	-0.44555069137700143
7.86	0.5673187832320024	3.0517816993191333	-0.6187142429877428
7.89	0.3010596740553199	3.0588547366162597	-0.7888948147279543
7.92	0.03293668575789494	3.0348871314401396	-0.9550613533056102
7.95	-0.2339718581487108	2.979929376626461	-1.1162038903923623
7.98	-0.49660879038642486	2.894359457663447	-1.2713394895827212
8.01	-0.7519737092293007	2.7788768953138803	-1.4195178630614982
8.04	-0.9971557989425888	2.634492730351522	-1.5598266195353199
8.07	-1.229363069464806	2.4625168643740856	-1.6913961189346989
8.1	-1.4459496798969462	2.264543458528539	-1.8134039233218504
8.13	-1.644443177684932	2.042433597197628	-1.9250788466211284
8.16	-1.8225711419182535	1.7982942233482235	-2.0257046175627087
8.19	-1.9782847128181698	1.5344540444552348	-2.1146231800259208
8.22	-2.109777392318278	1.2534386603823129	-2.191237662342967
8.25	-2.2155002933223917	0.957946260028128	-2.2550150517692726
8.28	-2.2941761384345662	0.6508225866744468	-2.3054886120868523
8.31	-2.3448122753517366	0.3350329266419417	-2.3422600811764758
8.34	-2.3667106217360767	0.013631341076727858	-2.365001681511021
8.37	-2.3594731790687202	-0.3102697552463874	-2.373457970160867
8.4	-2.323004498307399	-0.6335274000130905	-2.3674475464527185
8.43	-2.2575130603042752	-0.952994794863012	-2.3468646253766776
8.46	-2.163511030206688	-1.2655500485359605	-2.311680473758853
8.49	-2.0418101683978045	-1.5681272562244697	-2.2619446947270565
8.52	-1.8935135024768737	-1.857746915874874	-2.197786334739965
8.55	-1.7200049494986644	-2.131543279552902	-2.1194147770693523
8.58	-1.5229385279636032	-2.3867895395043868	-2.027120376734803
8.61	-1.3042258542686602	-2.6209232277200254	-1.9212747850472796
8.64	-1.0660194016097255	-2.8315723204975085	-1.8023309075918443
8.67	-0.8106911842549079	-3.016580139938921	-1.6708224380278556
8.7	-0.540809284726297	-3.1740271833530196	-1.5273629117271963
8.73	-0.25911452551267306	-3.3022499701653847	-1.3726442280718585
8.76	0.03150316424882131	-3.3998581605389653	-1.207434598086292
8.79	0.32803113052794175	-3.4657502923191217	-1.0325758847121247
8.82	0.6273644388742206	-3.499126956770774	-0.8489803159972027
8.85	0.9263387849817835	-3.499500123683213	-0.6576265661750268
8.88	1.2217629054124306	-3.4666986871971557	-0.45955521533682525
8.91	1.510449150624093	-3.400871316214889	-0.25586361434339966
8.94	1.7892435534520585	-3.302487056529289	-0.04770019694736898
8.97	2.05505740753183	-3.172332700879568	0.16374170503486532
9.	2.304900369404643	-3.0115056541269025	0.3772304760138444
9.03	2.5359127390617475	-2.821402453768383	0.5915031841162113
9.06	2.745394499480165	-2.6037046598868816	0.8052728201990251
9.09	2.9308309130351065	-2.3603635753007097	1.0172357249688413
9.12	3.089916435704781	-2.0935833389878686	1.226079122787476
9.15	3.2205782679608186	-1.8058006043445565	1.4304886863546225
9.18	3.3209986864898964	-1.4996600612736077	1.6291560653151362
9.21	3.389634040774604	-1.1779875439148317	1.8207863233966253
9.24	3.4252294473873177	-0.843763525731798	2.004105242225132
9.27	3.426830352361725	-0.5000979453098575	2.1778664646638886
9.3	3.393792647006707	-0.1502044270646323	2.3408584654711166
9.33	3.3257913428084507	0.2026285305265759	2.491911351355843
9.36	3.2228262015149096	0.5550690452191327	2.629903505237187
9.39	3.0852234389325197	0.9037727298474096	2.7537680998685397
9.42	2.913634821594148	1.245410320901334	2.862499513273955
9.45	2.7090360187553584	1.5766932648408984	2.9551596821116957
9.48	2.472723824391016	1.8944008731963375	3.0308844287487675
9.51	2.2063098244488764	2.1954103532567983	3.0888897933114348
9.54	1.9117095787146936	2.4767268054503075	3.1284783932764277
9.57	1.5911298012213602	2.735509806427211	3.149045820490472
9.6	1.2470562722274816	2.969097165011761	3.1500870692523084
9.63	0.8822412393925341	3.1750292607693313	3.131202969844818
9.66	0.49968626391691645	3.3510751722617593	3.0921065804175956
9.69	0.1026191219634484	3.4952580431475977	3.0326294672916707
9.72	-0.30553195778871406	3.605877205010861	2.952727780606361
9.75	-0.7211631540461417	3.6815278441748376	2.8524880098586123
9.78	-1.1405198580390061	3.7211203866452567	2.732132283444353
9.81	-1.5597254875343163	3.7238994792813545	2.5920230589492554
9.84	-1.9748164264095558	3.68946003304864	2.4326670377423425
9.87	-2.3817808094366497	3.617758653681696	2.254718129383813
9.9	-2.776597350025217	3.509121567666338	2.058979289283315
9.93	-3.1552731288406006	3.3642509853527764	1.846403057527323
9.96	-3.5138825906174453	3.1842295664576095	1.618090638160649
9.99	-3.848610057364808	2.970520187959385	1.375289376471658
10.02	-4.155795088511298	2.7249587721704076	1.1193885166826605
10.05	-4.431977568865382	2.449741023408905	0.8519131532469516
10.08	-4.673940048757502	2.1474059376779335	0.5745163247441379
10.11	-4.878747454975559	1.8208174727276267	0.28896923892468507
10.14	-5.043785678218492	1.4731424728745315	-0.0028503406556882743
10.17	-5.166799291989341	1.1078217384764428	-0.29897147332075014
10.2	-5.245926500034993	0.7285336472493349	-0.5973450703872264
10.23	-5.279728963768422	0.3391533546000065	-0.8958604204348156
10.26	-5.267215823858113	-0.05628868769141099	-1.1923630209157605
10.29	-5.2078628626633146	-0.4536481966985314	-1.484673495782098
10.32	-5.101627396580723	-0.8487111891666307	-1.7706073542552392
10.35	-4.948957771715068	-1.237243241154367	-2.0479953278481053
10.38	-4.750795676070558	-1.6150425673133304	-2.3147040115127897
10.41	-4.508570993413156	-1.9779924384005036	-2.568656530235056
10.44	-4.2241908614158925	-2.32210953703468	-2.8078529541291855
10.47	-3.900024407596474	-2.643589061527911	-3.030390192459317
10.5	-3.5388823354305763	-2.938849895747759	-3.2344811091930548
10.53	-3.1439891085305804	-3.204580968732857	-3.418472618746612
10.56	-2.7189473135178774	-3.437785583234497	-3.580862539537906
10.59	-2.267697170633922	-3.63581931682288	-3.7203150039011184
10.62	-1.7944747634791511	-3.796420689676962	-3.8356742450082755
10.65	-1.3037689319853374	-3.917737698920506	-3.9259766040144233
10.68	-0.8002731842320902	-3.9983524829921397	-3.9904606232001614
10.71	-0.28883063225851024	-4.037302007593434	-4.0285751131223835
10.74	0.22562445109500454	-4.034090992521033	-4.0399851035904435
10.77	0.7381226136580399	-3.988696833546018	-4.024575609715057
10.8	1.2437115650666966	-3.901569787327944	-3.9824531655274353
10.83	1.7375092696715524	-3.773629879829211	-3.9139450990287066
10.86	2.2147610036550662	-3.6062577948820307	-3.8195965443466147
10.89	2.670897323462555	-3.4012771258862875	-3.700165209286396
10.92	3.1015870819417204	-3.160929843770167	-3.5566139402508905
10.95	3.5027835705786066	-2.887848998817282	-3.3901011514504202
10.98	3.8707667960436085	-2.585029376890912	-3.2019692115613574
11.01	4.202184684284157	-2.2557928372236953	-2.9937309083749897
11.04	4.494091846251388	-1.9037459646586714	-2.767054140157074
11.07	4.74398212634861	-1.5327323341020866	-2.5237450108547224
11.1	4.949813018749901	-1.146784179334147	-2.2657295341791315
11.13	5.1100232408152	-0.7500756196315982	-1.9950341780310714
11.16	5.223545405520942	-0.34687521032069796	-1.7137655046508118
11.19	5.289813677810265	0.05850527692377414	-1.4240891821370039
11.22	5.30876460013724	0.46176536038794774	-1.128208658450596
11.25	5.280830077185772	0.8586693630072714	-0.828343798649926
11.28	5.206923624149461	1.2450949294080584	-0.5267097890024784
11.31	5.088421720488335	1.61707643262492	-0.22549660713497702
11.34	4.927140727436357	1.9708462486988665	0.07315065482158194
11.37	4.72530832189014	2.302875854636796	0.3671503470538386
11.4	4.485528910803755	2.6099149560407073	0.6545014590549129
11.43	4.210744583485658	2.8890247056162077	0.9332992507684906
11.46	3.9041943000567576	3.137602908236052	1.2017491510991272
11.49	3.569372671878141	3.3534028171146266	1.4581788002460718
11.52	3.209987339171135	3.534548643009864	1.7010481579588819
11.55	2.82991347528066	3.6795487856614613	1.9289576461041098
11.58	2.4331461709065763	3.787304734932808	2.1406543390992434
11.61	2.0237539015257733	3.8571131942474564	2.3350362581217965
11.64	1.6058358815476943	3.8886616425224836	2.5111548630225795
11.67	1.1834829164365608	3.882020080926222	2.668215868289472
11.7	0.7607388874550441	3.8376311745859932	2.805578535273022
11.73	0.34156129749935377	3.756298253602582	2.9227536115790005
11.76	-0.07021689338360212	3.6391692657920247	3.019400099810272
11.79	-0.47092018517364587	3.487716552355921	3.095321041796993
11.82	-0.8570571106462267	3.3037147989066775	3.1504585015068765
11.85	-1.2253437207958129	3.089219133080252	3.1848879206755507
11.88	-1.5727276632490637	2.8465424270043074	3.19881200675261
11.91	-1.8964122449161678	2.578229620392763	3.1925542941050566
11.94	-2.193876363116438	2.2870294621231517	3.1665524977328894
11.97	-2.4628882103434844	1.9758668487573736	3.1213517552539685
12.	-2.701515454979754	1.6478174031093866	3.057597828812169
12.03	-2.908135584585075	1.3060818220598305	2.9760303150013647
12.06	-3.081446249974516	0.9539568289625	2.877475888918955
12.09	-3.2204724696538745	0.5948035730566218	2.762841588974986
12.12	-3.3245692539742677	0.23201744518236697	2.633108132828014
12.15	-3.393421492380172	-0.13099880266112154	2.489323242359878
12.18	-3.4270431334203213	-0.49086112002512305	2.3325949473002536
12.21	-3.4257750717599573	-0.84423282283805	2.164084833128924
12.24	-3.3902797054321785	-1.1878558601910005	1.9850011991713303
12.27	-3.3215316174507103	-1.518581371818404	1.7965920971119134
12.3	-3.220805912134664	-1.8333968362589026	1.60013822804245
12.33	-3.0896655485030724	-2.1294504735670854	1.3969456870289465
12.36	-2.9299469279858688	-2.4040755545134584	1.1883385572722742
12.39	-2.7437418348084273	-2.6548158143369833	0.9756513703960347
12.42	-2.5333751626473533	-2.8794502688225814	0.7602214642977703
12.45	-2.3013801052214156	-3.0760147163644276	0.5433812844143595
12.48	-2.0504729214794866	-3.242818946787406	0.32645068727041726
12.51	-1.783527460880774	-3.3784609361871056	0.11072931599283935
12.54	-1.5035476361706064	-3.481839577207142	-0.10251087460294488
12.57	-1.2136363944290371	-3.5521657695540716	-0.3120328612180744
12.6	-0.9169621830201496	-3.5889701897400643	-0.5166414805941981
12.63	-0.6167257061651882	-3.5921064907748113	-0.7151899633175788
12.66	-0.3161288402904144	-3.5617503823591896	-0.9065859994205911
12.69	-0.0183449077843284	-3.4983959429869396	-1.0897972721134017
12.72	0.2735118927181873	-3.4028496831274038	-1.26385640850216
12.75	0.5564185972808379	-3.27622155293296	-1.4278653106876251
12.78	0.8274750749019434	-3.119912064647938	-1.5809988463845877
12.81	1.083932218418286	-2.9355960610541287	-1.7225078943152665
12.84	1.3232159623012971	-2.725204641973428	-1.8517217552619556
12.87	1.5429491003245825	-2.4909059871504136	-1.9680499540271983
12.9	1.7409730727265373	-2.235084189651543	-2.0709834699570955
12.93	1.9153693138057224	-1.960314960128438	-2.1600954435737134
12.96	2.064477508432192	-1.6693388279342931	-2.235041413844789
12.99	2.186909004471436	-1.3650341204036611	-2.29555914446119
13.02	2.2815566102301874	-1.0503911025301633	-2.341468098146966
13.05	2.3476032750513607	-0.7284859103679914	-2.3726686156071275
13.08	2.3845300551950066	-0.4024518712420745	-2.389140850490869
13.11	2.3921212173743327	-0.07544829176193894	-2.3909435041133484
13.14	2.3704649451150037	0.24937019618354564	-2.378212394139158
13.17	2.319950936110723	0.5688813767249618	-2.3511588805692165
13.2	2.241266922154206	0.8800217375615063	-2.3100681608206015
13.23	2.135393687828159	1.1798144768698837	-2.2552974340979546
13.26	2.0035963672946195	1.465399636227421	-2.187273924269945
13.29	1.8474114790053586	1.734063394953926	-2.106492740694019
13.32	1.6686317488102247	1.9832640388068907	-2.0135145484265746
13.35	1.469290376759872	2.210655363124578	-1.90896301347905
13.38	1.2516436007266531	2.414109800746997	-1.7935219855924347
13.41	1.0181491731288412	2.5917417685541917	-1.6679323806396233
13.44	0.7714403892955584	2.7419293587539126	-1.5329887273244882
13.47	0.5142979396006501	2.86333247962073	-1.389535348276327
13.5	0.24962182344744027	2.954907425738278	-1.2384621537400675
13.53	-0.01959695450457272	3.0159190187888933	-1.080700036481319
13.56	-0.29030703103796696	3.045950646689956	-0.9172158687817278
13.59	-0.5594307800312595	3.0449110974100186	-0.7490071158894354
13.62	-0.8239003181941922	3.013036963536596	-0.5770960943262577
13.65	-1.0806926398993537	2.9508906594667703	-0.4025239173030022
13.68	-1.3268625487421735	2.859355063881415	-0.22634418240639806
13.71	-1.5595744082823648	2.739625267305052	-0.04961646799023685
13.74	-1.7761343128978753	2.593196637441894	0.12660028630491105
13.77	-1.9740225347110683	2.4218481624707415	0.3012544332727836
13.8	-2.1509241090953988	2.227621311991585	0.4733082214074583
13.83	-2.304755426297834	2.012796039771472	0.6417442632747388
13.86	-2.433686606373701	1.7798653524249297	0.8055717881104699
13.89	-2.53616104149086	1.5315082320738445	0.963832604435058
13.92	-2.6109130664174036	1.2705595843397732	1.1156067078674012
13.95	-2.6569829576327244	0.9999767878011506	1.2600174809157836
13.98	-2.6737275693161937	0.7228044946167725	1.3962364446755187
14.01	-2.6608259658357456	0.44214017231385716	1.5234875363590874
14.04	-2.6182810965681744	0.16110131942977773	1.6410509006828138
14.07	-2.5464188220164887	-0.11720702374296757	1.748266196609665
14.1	-2.4458842121492457	-0.3897261716766045	1.8445354331377013
14.13	-2.317633934284437	-0.6534785718745697	1.9293253581546443
14.16	-2.162924345977381	-0.9056007388048214	2.0021694324061485
14.19	-1.9832966384776354	-1.1433722687450434	2.062669426038324
14.22	-1.7805605638413025	-1.3642418129640037	2.110496677816726
14.25	-1.5567763832068513	-1.5658525199918607	2.145393056990122
14.28	-1.3142332821390055	-1.7460675879064005	2.167171664991991
14.31	-1.055423945007858	-1.9029936110128987	2.175717309028432
14.34	-0.7830175836694183	-2.0349994116982346	2.1709867724674528
14.37	-0.4998336122825283	-2.1407309986957097	2.1530088982975464
14.4	-0.20881505468723957	-2.2191249472254326	2.121884492303931
14.43	0.08700104110185419	-2.2694206057621877	2.0777860426046795
14.46	0.38451667410186213	-2.2911691375637844	2.020957242397063
14.49	0.6806066779217943	-2.284238035021566	1.9517122937798943
14.52	0.9721506101287997	-2.248812170221458	1.870434962895654
14.55	1.2560633072023988	-2.1853929435598713	1.7775773508732031
14.58	1.5293265531396862	-2.0947950984443535	1.6736583415572788
14.61	1.789022681514564	-1.9781393370064062	1.5592616860863848
14.64	2.0323681543290606	-1.836840054810348	1.4350336862045565
14.67	2.2567446292172386	-1.6725896713985409	1.3016804427965833
14.7	2.4597269968757676	-1.4873412999269207	1.1599646434100201
14.73	2.6391096898869804	-1.2832895659804642	1.010701872203632
14.76	2.7929321850023263	-1.062847757973279	0.8547564374317047
14.79	2.919502827393709	-0.828620270142017	0.693036724703557
14.82	3.017419177088715	-0.5833716414277924	0.5264900982030133
14.85	3.085583972087775	-0.3299946874693706	0.35609738611027825
14.88	3.123217245326395	-0.0714789120661412	0.18286699989419747
14.91	3.1298653878545397	0.18912187328780766	0.007828749215624613
14.94	3.105406919418423	0.44872435548389644	-0.1679725757644503
14.97	3.0500539072846355	0.7042527634418893	-0.34348377540846214
15.	2.9643485059252273	0.9526757962377285	-0.5176498812270488
15.03	2.8491553463703125	1.1910410158472484	-0.6894207811668644
15.06	2.705650906522687	1.41650639003136	-0.8577577467410972
15.09	2.535310028964244	1.6263705776478414	-1.0216397845017948
15.12	2.339888691660304	1.8181031369281082	-1.180069742570212
15.15	2.1214025055877492	1.9893736515473854	-1.3320801135867937
15.18	1.882102007826677	2.1380773932997856	-1.4767384879194743
15.21	1.6244467518986359	2.262356213578832	-1.6131526245881624
15.24	1.3510791380590519	2.360615650505919	-1.7404751213863472
15.27	1.0647969375202808	2.431540081753881	-1.8579076793679636
15.3	0.7685230095412013	2.4741062239998843	-1.9647049695168968
15.33	0.4652726563630016	2.48759338304042	-2.060178120401447
15.36	0.15812123858489563	2.4715890869277706	-2.1436978544220997
15.39	-0.1498258001390458	2.4259908385357583	-2.214697306498355
15.42	-0.45546131366191783	2.3510058693618965	-2.272674562469124
15.45	-0.7557059356673457	2.2471493069768482	-2.3171949550091973
15.48	-1.0475395078312941	2.1152391544429228	-2.3478931525487643
15.51	-1.3280318792377057	1.9563870450566545	-2.364475071723183
15.54	-1.5943701317876984	1.7719862999345486	-2.3667196366021583
15.57	-1.8438826424025214	1.563699465836931	-2.354480398786551
15.6	-2.0740628999621427	1.333444883871484	-2.3276870219429506
15.63	-2.282594262502399	1.0833796929287156	-2.2863466230617364
15.66	-2.4673735442056652	0.8158784064879441	-2.23054495130543
15.69	-2.6265310691056576	0.5335095196126758	-2.1604473744069925
15.72	-2.7584475196901437	0.23901278450751992	-2.076299632815474
15.75	-2.861769488781022	-0.06472344737845472	-1.9784283137593164
15.78	-2.9354241999004222	-0.37468770231221543	-1.8672409916274832
15.81	-2.978631814247875	-0.6877749786042405	-1.7432259779770016
15.84	-2.9909139223931147	-1.000818445347331	-1.6069516243623276
15.87	-2.972098707607394	-1.3106202602009038	-1.4590651242001849
15.9	-2.9223241520024565	-1.6139808109641716	-1.3002907660253906
15.93	-2.84203939839093	-1.9077282947904433	-1.1314275995803735
15.96	-2.7320027437566194	-2.1887504574197263	-0.9533464878603631
15.99	-2.593274957305579	-2.454027837273132	-0.7669865320038085
16.02	-2.427208535329176	-2.7006659424819284	-0.573350871115009
16.05	-2.2354348002934623	-2.9259244795882147	-0.3735018749858008
16.08	-2.0198497948347582	-3.1272440300007416	-0.1685557634139684
16.11	-1.7825978043685726	-3.3022717716489107	0.040323299438121026
16.14	-1.526050643632263	-3.4488867638917737	0.25192957424782914
16.17	-1.2527825822768015	-3.5652234137198238	0.46502250746753615
16.2	-0.9655431209714012	-3.6496912792746077	0.6783338048197187
16.23	-0.6672300821866916	-3.7009907772011004	0.8905747343584819
16.26	-0.3608632388828804	-3.7181258883524615	1.1004435759969624
16.29	-0.049556448873695085	-3.7004148428765333	1.3066331380017941
16.32	0.2635133592541028	-3.647498336861535	1.5078382680281566
16.35	0.5751392598218193	-3.559344028478559	1.7027632963703945
16.38	0.8821163329251375	-3.436246994035094	1.8901293616146115
16.41	1.181270583419837	-3.2788273365630376	2.068681583029376
16.44	1.4694859433721879	-3.088026211030632	2.2371960589639364
16.47	1.7437321539621005	-2.865099924320422	2.394486685321251
16.5	2.001094407037875	-2.611610581940801	2.539411801935372
16.53	2.2388023518670215	-2.329412852094634	2.6708806865480366
16.56	2.4542554565199604	-2.0206387212279404	2.78785992528472
16.59	2.6450446919462935	-1.6876824914033315	2.889379694444982
16.62	2.8089734297514752	-1.33318562355013	2.974539990566094
16.65	2.944079489786593	-0.9600184765121219	3.042516843799677
16.68	3.0486566694749553	-0.5712573073727061	3.0925685435481456
16.71	3.121272828512093	-0.17015896868262953	3.1240418951343747
16.74	3.160784477779161	0.23986292288759717	3.1363785123065875
16.77	3.1663505252995705	0.6552603611351598	3.129121133085398
16.8	3.137446252521924	1.0723759539394124	3.101919926488077
16.83	3.073875194873119	1.4874733055319802	3.054538735822575
16.86	2.9757766562388337	1.8967705270376998	2.986861181467534
16.89	2.8436299757866053	2.296472713090117	2.8988965233874917
16.92	2.6782581672853207	2.682802630452543	2.790785162181173
16.95	2.4808308383001894	3.052032717978699	2.6628036383607445
16.98	2.2528632040704526	3.4005209585104605	2.515368973916335
17.01	1.9962088565102003	3.724749477851991	2.349042189069594
17.04	1.7130476610048555	4.021362648898025	2.164530821358225
17.07	1.4058719525357	4.287203088857941	1.9626902745349413
17.1	1.0774718395848226	4.519346658454177	1.7445238316817602
17.13	0.7309168371841526	4.715138002861838	1.5111811806312807
17.16	0.36953061718777885	4.87222614915213	1.2639553201266294
17.19	-0.003141017245678874	4.988597927399968	1.0042777417105904
17.22	-0.38336551823810683	5.062607527704957	0.7337118143458912
17.25	-0.7672593249027914	5.093002359701784	0.45394433519455796
17.28	-1.1508244610963214	5.078946078760467	0.16677524953038111
17.31	-1.5299890892164858	5.020038376728183	-0.1258944160291637
17.34	-1.900653739453212	4.916329668707921	-0.4220763214636997
17.37	-2.258741098039282	4.768329187063124	-0.7197101570784794
17.4	-2.6002451594098166	4.577006930407959	-1.0166804006630559
17.43	-2.9212774555692085	4.34379105565285	-1.3108342929535493
17.46	-3.218111737985871	4.070561125359382	-1.600000808736406
17.49	-3.4872297487585127	3.759635487256019	-1.8820103793834573
17.52	-3.7253681950657183	3.413750773645577	-2.154715107453568
17.55	-3.929563674721782	3.0360338947221175	-2.416009205313274
17.58	-4.097191981300616	2.6299694662867026	-2.6638493872917732
17.61	-4.226001286098673	2.199365218400631	-2.8962749481779086
17.64	-4.314141524728565	1.7483146880414004	-3.1114272691873466
17.67	-4.3601915955489785	1.2811541617009832	-3.307568505012383
17.7	-4.363182745401141	0.8024126258312034	-3.48309922130312
17.73	-4.322614991339872	0.31675785983519916	-3.636574770010573
17.76	-4.238465699360669	-0.17105640064925573	-3.766720209614025
17.79	-4.111192563129233	-0.6562407745305437	-3.872443597661046
17.82	-3.9417328841108903	-1.1340214726193985	-3.952847503729461
17.85	-3.731497651666459	-1.599695920099474	-4.0072386115346985
17.88	-3.482357569648239	-2.048690769392618	-4.035135299294191
17.91	-3.1966214384020453	-2.4766162967560708	-4.036273107649827
17.94	-2.8770106776304982	-2.8793141440107197	-4.010608024612462
17.97	-2.526631862702212	-3.2529014301449406	-3.9583175374179267
18.	-2.148944326236251	-3.5938151650694765	-3.879799422225297
18.03	-1.747719477244562	-3.8988557900083705	-3.7756682646137563
18.06	-1.3269936651513927	-4.165225005773638	-3.646749727173185
18.09	-0.8910200251651227	-4.390555511693389	-3.49407260537362
18.12	-0.44422174977634166	-4.5729347094064545	-3.3188587394416404
18.15	0.008856225140040185	-4.710924800968859	-3.122510878088967
18.18	0.4636008365293819	-4.803578412464357	-2.9065986193544533
18.21	0.9153887851560877	-4.850446977048738	-2.6728425840312005
18.24	1.3596435414295953	-4.851580964129771	-2.4230970074471188
18.27	1.7918875821506126	-4.807523757845674	-2.1593309648342536
18.3	2.2077907199407516	-4.719300966804448	-1.8836084730897658
18.33	2.603217922507142	-4.588404549339589	-1.5980677362229385
18.36	2.974277736698528	-4.4167698040842795	-1.3048998219821428
18.39	3.3173683455297835	-4.206744926125021	-1.0063270718909365
18.42	3.629217101142243	-3.961055516063069	-0.7045815551457361
18.45	3.906912172399185	-3.6827668590878186	-0.40188387770297546
18.48	4.1479283791739325	-3.3752444051819688	-0.1004226508554243
18.51	4.3501496730808835	-3.0421105693654873	0.19766509154003425
18.54	4.511888079373942	-2.687196642293788	0.49031226109405174
18.57	4.631896566378449	-2.3144916906298945	0.7755386325245868
18.6	4.709373931497634	-1.9280923302310395	1.0514661120992561
18.63	4.743962507521434	-1.5321557416545581	1.316332200042789
18.66	4.7357411588686915	-1.1308548076104707	1.5685015355905119
18.69	4.685214985590114	-0.7283326935489122	1.806475460698707
18.72	4.593300986007027	-0.32865641587228756	2.028899585732373
18.75	4.461308427272307	0.06422751279126024	2.234569385929193
18.78	4.290914405371036	0.44653154669644995	2.4224338994135
18.81	4.084136771114507	0.8146590484490205	2.591597634525807
18.84	3.8433060343575542	1.1652327513864562	2.7413208250704706
18.87	3.5710357516851006	1.4951227599348524	2.871018195919795
18.9	3.2701901204541968	1.8014733569322134	2.980256417766318
18.93	2.943849322321211	2.0817248675196107	3.0687504385811466
18.96	2.595275250844171	2.3336283377572773	3.1363588807453935
18.99	2.2278794363816985	2.555255171996598	3.183078687427595
19.02	1.845191746083755	2.7450057186116426	3.2090391903892272
19.05	1.4508270517673625	2.901617726366382	3.2144957550252555
19.08	1.0484499490771255	3.0241716976645883	3.1998231382387585
19.11	0.6417412215345782	3.1120907201109387	3.1655086719336274
19.14	0.2343687556070212	3.1651364060988247	3.1121453607329213
19.17	-0.1700391984127578	3.1834041813701375	3.040424958201997
19.2	-0.5679226377415472	3.167318195373529	2.9511310625017764
19.23	-0.9558208771555089	3.1176232837706643	2.8451322510261883
19.26	-1.3304022590917426	3.0353728376530262	2.7233752550441244
19.29	-1.6884893483390686	2.9219145967487874	2.5868781603508038
19.32	-2.027080907788349	2.7788764313864878	2.436723608922804
19.35	-2.3433742261191184	2.6081511934027195	2.2740519698489723
19.38	-2.634788993346991	2.4118780982212247	2.100054445449172
19.41	-2.8989903693953174	2.1924200725709864	1.9159660803602674
19.44	-3.1339084154845422	1.9523393416195012	1.7230586471301015
19.47	-3.337753630294953	1.6943735275878822	1.5226333909997605
19.5	-3.5090304945625292	1.4214117552760557	1.3160136283892598
19.53	-3.646550326488181	1.1364682101295827	1.104537207332726
19.56	-3.749442561965711	0.8426517859279332	0.8895488528323222
19.59	-3.8171625555798463	0.543133495870715	0.6723924348809243
19.62	-3.849495123014076	0.2411146941275025	0.45440321080729035
19.65	-3.8465546846290066	-0.060202645726581565	0.23690010574413947
19.68	-3.8087830478144475	-0.3576451921739773	0.021178104650154135
19.71	-3.7369446124502215	-0.6480992885002764	-0.19149916419046797
19.74	-3.6321178795709588	-0.9285437219002761	-0.3999065713281517
19.77	-3.495682806256493	-1.1960815985778972	-0.6028642719289911
19.8	-3.3293049529337893	-1.4479686614559177	-0.7992440577042224
19.83	-3.134917723732699	-1.6816379043878775	-0.987975205578487
19.86	-2.9147028269239468	-1.8947225661844758	-1.1680497647991304
19.89	-2.671067881100242	-2.085079089811864	-1.3385272377283313
19.92	-2.4066205366879694	-2.250809089905488	-1.4985386247753012
19.95	-2.12414026108043	-2.3902777642710005	-1.6472898199886359
19.98	-1.8265499299882788	-2.5021273624490137	-1.7840643598832975
20.01	-1.5168881585127993	-2.5852868904143524	-1.9082255432934825
20.04	-1.198281110484513	-2.6389801913760706	-2.0192179536694503
20.07	-0.8739120263253012	-2.6627328606629495	-2.116568426637639
20.1	-0.5469888130430605	-2.656376316115451	-2.199886514324506
20.13	-0.22071239530157222	-2.6200474977104005	-2.2688645035850583
20.16	0.10175194135070731	-2.5541849036189403	-2.3232770477233213
20.19	0.4173011083973157	-2.459522965599992	-2.3629804705687496
20.22	0.7229215894871553	-2.337085285351793	-2.3879117980634805
20.25	1.015718658746738	-2.1881750843358194	-2.3980875661485554
20.28	1.2929448717490213	-2.014361668112956	-2.3936024451630074
20.31	1.5520247562665508	-1.8174643203861365	-2.3746277107302567
20.34	1.7905760278528333	-1.599535838410777	-2.3414095798116263
20.37	2.006430306885184	-1.3628453600017645	-2.294267418902033
20.4	2.1976546464330617	-1.1098578987043783	-2.233591819882095
20.43	2.3625717927507	-0.8432096127137775	-2.1598425284574363
20.46	2.4997767071945844	-0.5656811395497514	-2.073546200997996
20.49	2.6081495322829746	-0.28017163315623245	-1.9752939584535278
20.52	2.6868668557129003	0.010326962219573303	-1.8657387012893674
20.55	2.7354117913777984	0.3027581302682907	-1.7455921473668412
20.58	2.7535813562781937	0.5940327491336355	-1.6156215555643587
20.61	2.741489702718323	0.8810628783876686	-1.4766461017307164
20.64	2.6995675644975647	1.1607944563259105	-1.329532880167321
20.67	2.628559199677211	1.4302381237129285	-1.175192512982586
20.7	2.5295170073565205	1.6864998384698007	-1.014574360939196
20.73	2.4037924712762764	1.9268128733297043	-0.8486613422863742
20.76	2.2530222415787007	2.1485705048478327	-0.6784643798901063
20.79	2.0791099139621863	2.349356952068989	-0.5050165110324959
20.82	1.8842052872877466	2.5269747667079607	-0.329366707800207
20.85	1.6706820800705233	2.679468938442353	-0.1525734682820246
20.88	1.4411132279615941	2.8051490398910217	0.024301750831543414
20.91	1.1982422660183194	2.9026097668946687	0.2002011817955479
20.94	0.9449508192535924	2.97074859101392	0.37407739015590163
20.97	0.6842242582086395	3.008778914841699	0.5448998308899089
21.	0.41911780045928093	3.0162384001127722	0.7116612330256749
21.03	0.15272343563302898	2.9929934350342613	0.8733837343561093
21.06	-0.1118638361104343	2.9392405528186494	1.0291246957613966
21.09	-0.3715816244563045	2.855504404747531	1.1779821350714965
21.12	-0.6234365366259538	2.742631318256586	1.3190997327559584
21.15	-0.8645386257600824	2.601778367617704	1.4516713753445492
21.18	-1.092132169476537	2.4343991461586625	1.5749452166234716
21.21	-1.3036236040927691	2.242227382580351	1.6882272505831977
21.24	-1.4966086542610506	2.027258160118568	1.7908844031047595
21.27	-1.6688991349451623	1.7917256176351966	1.8823471608399425
21.3	-1.8185474437367044	1.5380770556651808	1.9621117651398003
21.33	-1.9438664794036504	1.268945248308506	2.029742005829269
21.36	-2.0434450716758614	0.9871209217972382	2.0848706538678843
21.39	-2.1161610459444007	0.6955251635110609	2.1272005733845636
21.42	-2.161193113899385	0.3971796344605076	2.156505552287049
21.45	-2.1780301870709415	0.0951736765179877	2.172630886817282
21.48	-2.1664761620750306	-0.2073694823614113	2.175493749375062
21.51	-2.1266505378508547	-0.5073244496621292	2.1650833610874254
21.54	-2.0589869080246266	-0.8015933043108732	2.141460981467086
21.57	-1.9642298300281866	-1.0871359125257338	2.1047597176438866
21.6	-1.8434282204832535	-1.3610024119263213	2.055184145663968
21.63	-1.6979239859243274	-1.6203658453274825	1.9930097268328444
21.66	-1.5293372762069881	-1.8625519959425585	1.9185819936110977
21.69	-1.3395505138342176	-2.0850660551025655	1.832315472687751
21.72	-1.1306910620208777	-2.2856180799088412	1.7346923080181842
21.75	-0.90511031394403	-2.46214840427523	1.6262605441864677
21.78	-0.6653579978911157	-2.612851766083828	1.5076320306868893
21.81	-0.41415327127337614	-2.73619810848652	1.3794799107335032
21.84	-0.15435520223532578	-2.8309494666363797	1.2425356639698693
21.87	0.111066649223709	-2.8961738769483802	1.0975856807878017
21.9	0.37906321418652444	-2.931256973287838	0.9454673565426055
21.93	0.6465401187383482	-2.935910516211042	0.7870647063105334
21.96	0.9103944310667751	-2.910176540423592	0.6233035143858794
21.99	1.1675513326689768	-2.8544268172709963	0.45514604678761816
22.02	1.4149986816826459	-2.769358568660118	0.2835853689131552
22.05	1.6498197396686318	-2.6559872537325178	0.10963932339916871
22.08	1.8692256809317813	-2.515635974631138	-0.0656557654737808
22.11	2.0705884507234944	-2.3499203337319226	-0.24125158549555284
22.14	2.2514724055363047	-2.1607285132672898	-0.4160944467996816
22.17	2.40966241644785	-1.9501979821072308	-0.589131924046906
22.2	2.5431875369455437	-1.7206906279246588	-0.7593194460900409
22.23	2.6503412507903197	-1.4747666975450648	-0.9256267522030555
22.26	2.729699593797504	-1.2151563263946787	-1.0870441405621467
22.29	2.780136954218808	-0.9447276613680724	-1.2425884439816557
22.32	2.8008380284339505	-0.6664525945053997	-1.3913086794110772
22.35	2.791304888163191	-0.38337267699852984	-1.532291330744453
22.38	2.75135979982951	-0.09856692723597099	-1.664665238368674
22.41	2.6811452404328935	0.18487924288330315	-1.7876060828387397
22.44	2.581121523907921	0.46390603136256037	-1.9003404633844352
22.47	2.452061032072704	0.7355126357457266	-2.0021495839568506
22.5	2.295038277244278	0.9967897800604246	-2.0923725696278206
22.53	2.111416770241299	1.244948656035024	-2.1704094439022903
22.56	1.90283452249788	1.477346156955748	-2.2357238025646127
22.59	1.6711884856030599	1.691508885726116	-2.287845221878597
22.62	1.4186162081692495	1.8851576584878216	-2.326371438272132
22.65	1.1474735561876144	2.0562310118012723	-2.350970333178347
22.68	0.8603101963210785	2.2029049038481996	-2.36138175073373
22.71	0.5598456860020525	2.3236082275547565	-2.3574191679233616
22.74	0.24894635093791945	2.417036434069205	-2.3389712269918403
22.77	-0.06939988964794049	2.4821646809083524	-2.306003129060582
22.8	-0.39211258684696615	2.518259018462035	-2.2585578765192444
22.83	-0.7160497574646529	2.52488361948584	-2.196757340530648
22.86	-1.0380374637964407	2.5019044622561823	-2.120803119547285
22.89	-1.354897395122956	2.449491388691095	-2.030977145699953
22.92	-1.66347494134889	2.368118901079414	-1.9276419888472869
22.95	-1.9606697630413104	2.258563859183002	-1.8112408034496668
22.98	-2.2434677904982925	2.1218985820537783	-1.6822968616213678
23.01	-2.5089718585973846	1.9594802671287603	-1.5414126169602975
23.04	-2.7544295819526314	1.7729388766895169	-1.3892682481375873
23.07	-2.977259512658271	1.5641640924149998	-1.2266196386697539
23.1	-3.1750771644020013	1.3352895792224801	-1.0542957595391826
23.13	-3.3457208032566643	1.0886726133427633	-0.8731954339551796
23.16	-3.487275240355864	0.8268694482327176	-0.6842834779849157
23.19	-3.5980921124270733	0.5526089451431316	-0.4885862263326856
23.22	-3.6768067473753354	0.2687664918650006	-0.28718646841796985
23.25	-3.7223526352129257	-0.02166233921898718	-0.0812178352642438
23.28	-3.733973780561477	-0.3155906054763869	0.12814130827020032
23.31	-3.7112339451952585	-0.6098722877783787	0.3396743994846516
23.34	-3.6540217121456458	-0.9013362967422011	0.552133566492606
23.37	-3.5625515531301013	-1.1868191825626202	0.7642467881568012
23.4	-3.4373620771079865	-1.463195238069991	0.9747252417070655
23.43	-3.2793120855101083	-1.727405433120916	1.1822707559700674
23.46	-3.089573642615357	-1.9764873348746557	1.385583293287698
23.49	-2.869620999300115	-2.2076060634136114	1.5833683916474943
23.52	-2.6212156301577543	-2.4180838367275075	1.7743445097753099
23.55	-2.3463892969342437	-2.605425680521647	1.9572502312564897
23.58	-2.0474267814982428	-2.7673414367589064	2.1308512983547194
23.61	-1.726847738277362	-2.9017663434178136	2.2939474611974044
23.64	-1.3873855438281755	-3.0068816806625764	2.4453791424853772
23.67	-1.0319622831137245	-3.081134292310425	2.584033930977483
23.7	-0.6636619828798971	-3.1232526000275596	2.70885292787911
23.73	-0.2857052282327826	-3.1322586092443636	2.818836978222299
23.76	0.09857440303258129	-3.1074779096061573	2.9130528238000744
23.79	0.48575514599564495	-3.048549345699912	2.990639214808914
23.82	0.8723558525526831	-2.95543323620247	3.0508130138477094
23.85	1.25486736149855	-2.828415829819835	3.0928753182958184
23.88	1.6297822699455857	-2.668110113559978	3.1162176155168195
23.91	1.9936215840463107	-2.4754555952605517	3.1203279701729683
23.94	2.34296135884471	-2.251718122080091	3.1047972247253304
23.97	2.6744627274231925	-1.9984871124454646	3.0693251736479095
24.	2.9849044320601026	-1.7176673710312411	3.0137266498479973
24.03	3.2712141614560846	-1.4114665889113827	2.9379374392345072
24.06	3.5304971418317512	-1.0823821211886202	2.842019917361797
24.09	3.760063971450115	-0.7331880319353327	2.7261682817095423
24.12	3.9574597996515672	-0.3669191813773459	2.5907132355414624
24.15	4.120494050445072	0.01315110860239506	2.4361259654850307
24.18	4.247268161772502	0.40353928413718265	2.2630212459480807
24.21	4.336200212338	0.8005819491156924	2.0721595000515576
24.24	4.386047488770307	1.2004659966620528	1.8644476495126023
24.27	4.395927989531411	1.5992600582339724	1.6409385952081084
24.3	4.365339789619166	1.9929506964327424	1.402829186053532
24.33	4.294175956920604	2.377484414480556	1.1514565560949812
24.36	4.182733994993035	2.7488127947214887	0.8882927377722207
24.39	4.031720996601977	3.102937081066862	0.6149374923038843
24.42	3.8422560101627474	3.435951124530557	0.3331093349458249
24.45	3.6158690393034134	3.7440846405856747	0.04463477215376979
24.48	3.3544941392707	4.023748760826081	-0.24856419204013913
24.51	3.0604548252082457	4.271583015169439	-0.5444841833550962
24.54	2.736442927219419	4.484500456590025	-0.8410560834303538
24.57	2.385493877241744	4.659728274579506	-1.136161985538859
24.6	2.010959956282009	4.794844007583638	-1.4276532806039728
24.63	1.6164798041656077	4.88780910850012	-1.7133696497039639
24.66	1.2059412967457723	4.937000386529736	-1.9911587206198442
24.69	0.7834374594452029	4.94123743943034	-2.258896133536905
24.72	0.3532188190497503	4.899803625134688	-2.5145057546882486
24.75	-0.08035374593633757	4.8124600861165	-2.755979776152747
24.78	-0.5128550076737219	4.679454359561403	-2.9813984446174198
24.81	-0.9398433074605517	4.501524637739695	-3.188949170903977
24.84	-1.3569129884083266	4.279898481505591	-3.376944784590669
24.87	-1.759749488578987	4.016283957874428	-3.5438407132487186
24.9	-2.1441819365512864	3.712853309509515	-3.6882508828260523
24.93	-2.5062301379158534	3.372221768418043	-3.8089621538230527
24.96	-2.842148039056078	2.9974233193879103	-3.904947126543549
24.99	-3.1484676360199644	2.591881667284378	-3.9753751674805256
25.02	-3.422043288137837	2.1593733454349637	-4.019621527611974
25.05	-3.6600917339851304	1.7039835533718513	-4.037274442023987
25.08	-3.8602241692455572	1.2300595304748887	-4.028140119002964
25.11	-4.020471999256106	0.742164802077408	-3.992245545827236
25.14	-4.13930983384694	0.24503182984890887	-3.929839058309112
25.17	-4.21567550417785	-0.25649146705282444	-3.841388642093671
25.2	-4.24898341194606	-0.7575009090700158	-3.7275779561909683
25.23	-4.23912945205519	-1.2530952164313947	-3.5893000935080246
25.26	-4.186489787383098	-1.7384307319880525	-3.427649119435165
25.29	-4.0919158911045415	-2.2087732032383784	-3.2439094578369803
25.32	-3.956724723012136	-2.6595507844748396	-3.039543223902451
25.35	-3.7826811152854307	-3.0864089672457666	-2.8161756348030766
25.38	-3.5719720153570944	-3.485263423111206	-2.5755786613388683
25.41	-3.3271756865971938	-3.8523463838473253	-2.319653115848276
25.44	-3.0512288000546883	-4.184245985833642	-2.0504094025591812
25.47	-2.7473908813509835	-4.477941136045895	-1.7699471850597048
25.5	-2.419203278183983	-4.73083362747474	-1.480434250397833
25.53	-2.0704416414485434	-4.940776073240447	-1.1840848691823114
25.56	-1.7050647965291403	-5.106092693289397	-0.8831379647758265
25.59	-1.3271643061604332	-5.225591625161716	-0.5798354112119539
25.62	-0.9409163537348544	-5.298570038664956	-0.27640077806354996
25.65	-0.5505338880438783	-5.32481395963553	0.0249811692920649
25.68	-0.1602164842374702	-5.304593075707809	0.32218392379010313
25.71	0.22590135644746281	-5.238649282385784	0.6131573812730213
25.74	0.603799432227796	-5.128178286558595	0.8959444453094603
25.77	0.969614970561385	-4.974805462314556	1.168695901833119
25.8	1.3196797904479938	-4.780557988643443	1.4296834177739663
25.83	1.6505545999687836	-4.547834117932283	1.6773105654696165
25.86	1.9590625162698316	-4.279368855986984	1.9101218234236372
25.89	2.242320173461364	-3.9781955623978162	2.126809552046256
25.92	2.4977626893778666	-3.6476049221925626	2.3262189885347593
25.95	2.7231607670011697	-3.2911039610408497	2.507351346376184
25.98	2.916632081128236	-2.9123764502932974	2.669365140680685
26.01	3.076650447544211	-2.5152434741814322	2.811575889596181
26.04	3.2020536455960333	-2.1036223001191514	2.9334543637016184
26.07	3.2920474445314194	-1.6814841519763015	3.0346235691807606
26.1	3.3462034913960563	-1.2528142192397969	3.114854656771794
26.13	3.364452099766322	-0.8215764950463926	3.174061947354121
26.16	3.3470732380263772	-0.39168207979376923	3.2122972572339066
26.19	3.294687161219417	0.03304285146259644	3.2297436926549277
26.22	3.208242776078911	0.44889065344357965	3.2267090648794214
26.25	3.0890017991520575	0.8523039930385149	3.203619055574265
26.28	2.938520088944943	1.2399019510468312	3.161010238464657
26.31	2.758629079130355	1.6085012533390808	3.0995230385397186
26.34	2.551417441465448	1.955137042853349	3.01989468571722
26.37	2.3192101663571782	2.2770853122733548	2.9229521968969343
26.4	2.0645437624670935	2.5718843172597956	2.809605399720182
26.43	1.7901400690101945	2.8373514608924824	2.680839993903467
26.46	1.498881627561797	3.0715957754585492	2.537710632340916
26.49	1.1937879702205234	3.2730289178507097	2.38133399467777
26.52	0.877989510646185	3.440376242259193	2.2128818209518943
26.55	0.554697487905374	3.572686476570085	2.0335738721608982
26.58	0.22717222316722152	3.669337802074592	1.8446707880239444
26.61	-0.10130694900852094	3.730040088840537	1.6474668193483253
26.64	-0.4274694499135906	3.7548347375872817	1.4432824226919851
26.67	-0.7480814057262059	3.7440929706749415	1.2334567176864024
26.7	-1.0599761058140886	3.6985116458260485	1.0193398215998342
26.73	-1.3600862469430683	3.6191051827897054	0.802285090545859
26.76	-1.6454748574351756	3.5071935669354084	0.5836413112330969
26.79	-1.9133626422302308	3.364387791684256	0.3647449003799107
26.82	-2.161152384308333	3.1925737293339513	0.14691218005342366
26.85	-2.38645265753898	2.993893769033539	-0.06856819448502084
26.88	-2.587101787030994	2.7707247781200595	-0.2804425728655182
26.91	-2.7611904196070087	2.5256521744707108	-0.48749933076624347
26.94	-2.907080177805634	2.2614418239076466	-0.6885754937688108
26.97	-3.0234175413784334	1.9810118119606634	-0.882562889701877
27.	-3.1091443217685453	1.6874043673438388	-1.0684137647560736
27.03	-3.1635064032319455	1.3837563381083513	-1.2451458109524343
27.06	-3.1860606944407555	1.073266929410974	-1.4118465669612228
27.09	-3.1766786799128166	0.759163746385315	-1.5676771700130943
27.12	-3.135545445660912	0.4446699275433488	-1.7118754528568796
27.15	-3.0631549075171516	0.13297415194856782	-1.843758395557203
27.18	-2.9603028739117714	-0.1727974987354367	-1.9627239565787056
27.21	-2.828078454855591	-0.4696102534769613	-2.068252320366926
27.24	-2.6678527410086064	-0.7545506086665318	-2.159906608928662
27.27	-2.4812638490052357	-1.0248552110268228	-2.2373331123146873
27.3	-2.270199263391363	-1.277935782815146	-2.300261097168183
27.33	-2.0367773619177796	-1.5113999739583737	-2.3485022535455267
27.36	-1.7833284642783929	-1.7230708424767929	-2.381949838138907
27.39	-1.5123735992889675	-1.9110069185549226	-2.400577567086115
27.42	-1.2265996763327	-2.0735213977909495	-2.4044383041212427
27.45	-0.9288326637016573	-2.2091975028384248	-2.393662580403699
27.48	-0.6220116505830539	-2.3168994926637114	-2.368456971532892
27.51	-0.3091640516898569	-2.3957816481140797	-2.329102345647034
27.54	0.0066208897050296514	-2.4452967865359874	-2.275951984768462
27.57	0.3222222412349412	-2.4652028785068363	-2.2094295703463813
27.6	0.6345193023890803	-2.4555656667233476	-2.1300270138784616
27.63	0.9404219475070047	-2.4167575339899234	-2.0383021051257377
27.66	1.2368986931685675	-2.3494544805424815	-1.9348759442521832
27.69	1.5210048544294548	-2.2546316586758097	-1.820430120593458
27.72	1.7899127439297853	-2.1335557439112995	-1.6957035999481116
27.75	2.040942878726917	-1.9877726526027226	-1.5614892843993877
27.78	2.2715934360390895	-1.8190913920599563	-1.4186302136943507
27.81	2.4795665060869934	-1.6295660772986522	-1.268015384939681
27.84	2.662792030687098	-1.4214767760378275	-1.1105751774942418
27.87	2.8194508602795287	-1.1973076613254872	-0.9472763819791647
27.9	2.9479967884446148	-0.9597207478325015	-0.779116845694694
27.93	3.047175863425279	-0.7115255969452436	-0.6071197607574175
27.96	3.116041517640139	-0.45564735724951794	-0.4323276352121272
27.99	3.1539655651630243	-0.19509509257539026	-0.2557960004855804
28.02	3.160645981709543	0.06706992446841357	-0.07858692011183044
28.05	3.136111713719117	0.32776774025389066	0.09823762597663199
28.08	3.080723634388255	0.5839357957606287	0.2736224006533643
28.11	2.9951707327391577	0.832565870119598	0.4465255278280046
28.14	2.8804617763176723	1.0707391657275827	0.6159249850074019
28.17	2.7379135852446503	1.2956582842903022	0.7808248885961803
28.2	2.569136563936209	1.5046771615965502	0.9402614965980809
28.23	2.3760169075572204	1.6953305919340587	1.0933088624285199
28.26	2.160694619006028	1.865363215428634	1.2390840848850635
28.29	1.9255377355775412	2.0127558591937746	1.3767521123156723
28.32	1.6731145729005379	2.1357472519173855	1.5055300729707386
28.35	1.4061655297998144	2.232851235586943	1.6246911176761685
28.38	1.1275741508382013	2.3028712229032187	1.7335677745984537
28.41	0.8403358920430074	2.344912932586179	1.831554828302807
28.44	0.5475241328477989	2.358394380271757	1.918111745956022
28.47	0.2522553659919647	2.343051389671844	1.992764681919031
28.5	-0.04234378965614731	2.298938487855802	2.0551080977877287
28.53	-0.333167314156623	2.226426844306594	2.1048060379937636
28.56	-0.6171604452974278	2.1262004089393636	2.1415931013400455
28.59	-0.8913520658408255	1.9992492718149952	2.1652751464397504
28.62	-1.152887422715442	1.846858696824535	2.175729764201565
28.65	-1.3990579741631315	1.6705943704494286	2.172906543628304
28.68	-1.627327322594436	1.4722861165314394	2.1568271487315367
28.71	-1.835355417749149	1.2540108153477105	2.1275852148471808
28.74	-2.021023059282421	1.018072539626261	2.085346062646535
28.77	-2.182455633728319	0.7669781466521675	2.0303462182752003
28.8	-2.31804348459338	0.5034096625154542	1.9628927189127843
28.83	-2.4264581869205317	0.2301963850747754	1.8833621751942253
28.86	-2.506666233817725	-0.04971251987757354	1.7921995558718329
28.89	-2.5579411974972213	-0.33327706114069944	1.6899166562499208
28.92	-2.5798733588866125	-0.6173990592495056	1.5770902106111737
28.95	-2.5723751599967124	-0.8989574421360919	1.454359610267373
28.98	-2.5356823209258943	-1.1748433292812717	1.3224241930649292
29.01	-2.470351866340744	-1.441993221323952	1.1820400770663135
29.04	-2.3772577509792225	-1.6974212101181017	1.0340165204634917
29.07	-2.2575831141736504	-1.9382519958359763	0.8792118011784286
29.1	-2.1128077155188087	-2.161754812504834	0.7185286225392746
29.13	-1.9446905479971082	-2.3653762559527207	0.5529090652752954
29.16	-1.7552492869810123	-2.546769855079663	0.38332912013652976
29.19	-1.5467380956415924	-2.7038219826693664	0.21079284898691172
29.22	-1.3216235159307699	-2.834675219468328	0.03632623451286078
29.25	-1.0825569048469577	-2.9377499354985135	-0.13902921094744983
29.28	-0.8323427679914848	-3.011763292509775	-0.3142229990886774
29.31	-0.5739045224209532	-3.0557440732915415	-0.48820229856102737
29.34	-0.31025023527544293	-3.0690426160429918	-0.6599185621747243
29.37	-0.04443951905951891	-3.05133655366112	-0.8283340650697862
29.4	0.2204494839508639	-3.002633346096996	-0.9924282754065984
29.43	0.4813546459114335	-2.9232695624342977	-1.1512039869449184
29.46	0.7352656899513981	-2.813905999499085	-1.3036931532004998
29.49	0.9792589029634282	-2.6755182707222884	-1.448962375105225
29.52	1.2105283670760505	-2.5093838575066	-1.5861180075817611
29.55	1.4264137079252386	-2.3170670172350922	-1.7143108644370146
29.58	1.6244263621371187	-2.100401738639136	-1.832740514744306
29.61	1.8022756800054378	-1.8614716300976837	-1.9406591767107506
29.64	1.9578936223063481	-1.6025861248571551	-2.0373752262769713
29.67	2.0894555450475765	-1.3262543884082885	-2.1222563468402855
29.7	2.1953962703347125	-1.035159270772492	-2.1947323531239036
29.73	2.274423232681083	-0.7321319129856351	-2.2542977260693418
29.76	2.3255286020894004	-0.42012505535305467	-2.3005138965990906
29.79	2.3479997837490103	-0.10218319966459674	-2.3330113142158195
29.82	2.341426129866191	0.21858911692744876	-2.351491331855003
29.85	2.305701389164341	0.5390575836855366	-2.3557279314968973
29.88	2.2410238471031323	0.8560856359610138	-2.345569306194006
29.91	2.147895511394138	1.1665616437059827	-2.3209393038930974
29.94	2.0271189411650394	1.4674284154828452	-2.2818387273083087
29.97	1.8797897221156707	1.7557141523836584	-2.228346472759687
30.	1.707285186708031	2.0285616171616607	-2.1606204799719944