lambda	x	y	z
0.	1.862020529639130836256543	0.0065089697780913286029	1.7428815719271861712990485487
0.03	1.84843796615065352863956	0.2693351677972780665581	1.7367940489590012458724979
0.06	1.8088654773031118476824	0.5278587284249422494726	1.7197078145163498063405682
0.09	1.744178143308868564822	0.779549006889084002187	1.6917061764668113725614467
0.12	1.6552316612400464082868	1.0221707252326515310501	1.6529365953676435157681634
0.15	1.5429693316686882267072	1.2534002772980127549348	1.603610987408223413305307
0.18	1.4086989537777867102828	1.4706788218020402080552	1.544001887486117944729468
0.21	1.2542479666615109982426	1.6713914153515011190796	1.474438219701825919567666
0.24	1.0818320744022847126632	1.8531823120049251136044	1.395304106833584803658544
0.27	0.8937555486522355108198	2.0141356539655399142289	1.307040543722210599540067
0.3	0.6922217127018447116039	2.1527190975293223738901	1.210146482333133011549456
0.33	0.479414264351157440732	2.2676181417760463772779	1.105176130873931426234155
0.36	0.257738674412157864814	2.3576583761334870631351	0.992732721786718616024588
0.39	0.029959892348277708943	2.42188226918050024229018	0.873462170557768939399823
0.42	-0.200917411421250149578	2.45967492489496024028186	0.748049778473452875484308
0.45	-0.431925517152258830395	2.4707984400116912135706	0.617219724950292770907126
0.48	-0.660323000469650324165	2.4553152316032803076966	0.481733965289876957987979
0.51	-0.883553392606873462466	2.4135086857751537377856	0.342387414846823551075153
0.54	-1.099061168353237400387	2.3459022753506088101784	0.199999688535017502912486
0.57	-1.30418088105328925578	2.2533537171552475776367	0.055406815433864422253814
0.6	-1.4962244317049136317155	2.1371051687227058958033	-0.090543828413297317306194
0.63	-1.6726894924985897460778	1.9987120005906405758125	-0.236995404609834322699024
0.66	-1.8314055678585972978563	1.8399048497743658275781	-0.383083468037329936708738
0.69	-1.9705159994357959149811	1.6625148215295949476676	-0.527940875619889859379221
0.72	-2.088362285832536918335	1.4685250654853054813308	-0.670705740434327531744006
0.75	-2.1834168326781431302992	1.2601751330516205885787	-0.81052942266409125104953
0.78	-2.254336324329271815868	1.0399850027325387806277	-0.946581539502108675960335
0.81	-2.3000755341796041159208	0.8106463721929723549086	-1.078051827037520264029671
0.84	-2.319951155640129869653	0.5748633603137633634171	-1.204151498419152244179913
0.87	-2.3136147127788026521759	0.3352720152082161825369	-1.324116815039960006740063
0.9	-2.28099190706944961566317	0.0944819899466376606055	-1.437215045105007982175651
0.93	-2.2222656690908234585311	-0.1448414717986976937541	-1.542750476587203872127155
0.96	-2.1379130969270576431676	-0.3799720269312763720914	-1.640068093334061602689966
0.99	-2.0287379244518457223162	-0.6082257650752775841895	-1.728554747887575929233507
1.02	-1.8958460447601040312592	-0.8270972515596480420578	-1.807639798050129376734764
1.05	-1.7405763204904958332041	-1.0343286377593108087456	-1.876797163719984412201281
1.08	-1.5644422909831956132592	-1.22788786479189328466	-1.935548874995363246444682
1.11	-1.3691150328523106462039	-1.4059163316312090195834	-1.983468513870264477747849
1.14	-1.1564206106726056284241	-1.5667129325333820050677	-2.020183125778331711578352
1.17	-0.9283092634102314455009	-1.7087574485442370711942	-2.045373758026140847988936
1.2	-0.6867968667265941138405	-1.8307240875427066813119	-2.058775951292878290196515
1.23	-0.433927107963154987103	-1.9314532240673865804641	-2.060181115474189654874004
1.26	-0.1717938995762417612659	-2.0099069230752321444952	-2.049438419027032189882574
1.29	0.0973947549741636592668	-2.0651586886593756102108	-2.026456169695166743944795
1.32	0.371271489086928486318	-2.0964333887214668512706	-1.991202311588657547948418
1.35	0.6473219778188860742	-2.1031652040190589012627	-1.943704695899559264584006
1.38	0.9229381915421737118541	-2.0850352945273415236318	-1.884051899819560139747598
1.41	1.1954679290937943473249	-2.0419851352412095576562	-1.812394451348555115542151
1.44	1.4622407998190343887774	-1.974226921162127345151	-1.72894554779954714216128
1.47	1.7205902927958968709774	-1.8822586328142418592655	-1.633980755240869474109928
1.5	1.967896186013622920738	-1.7668638270695863666904	-1.527837311958323544459147
1.53	2.2016395134039035531624	-1.629079811025974967809	-1.410914099612594801206865
1.56	2.4194383862573243567694	-1.4701544751803099005251	-1.283672405713662753707791
1.59	2.6190506799427065526081	-1.291533181142392897253	-1.146636305526467797853447
1.62	2.798368253665302853245	-1.094884912519379306455	-1.000391482491026958885977
1.65	2.9554370747945154008719	-0.88212042881227000971	-0.845582827446972425283649
1.68	3.0885026712410788416414	-0.655345792372853596762	-0.682912520237553352853236
1.71	3.1960426914155400683008	-0.416759729237482019066	-0.513139702251176764237131
1.74	3.27675821203406915115561	-0.168579070433730156606	-0.337080643621717650562049
1.77	3.32954577514866241396882	0.086931506423589785504	-0.155606960156417679099698
1.8	3.3535005269775153361844	0.347353824783740892031	0.030359142032965836547321
1.83	3.3479641537827493628053	0.61006103450644243194	0.219850545822406373240766
1.86	3.3125662965154379651145	0.872312050122937316269	0.411858468528453408069455
1.89	3.2471981978290962892125	1.131446632406528864047	0.605332385295203816491284
1.92	3.1519316880182844102318	1.385009361226678889019	0.79917989589279698210303
1.95	3.0269780579618196161655	1.630677347179384302852	0.99227107458081648326473
1.98	2.8727617964192198344496	1.866059107112940007068	1.18344807694759396192354
2.01	2.690057231525142261136	2.088580125998929426464	1.37153521645684362808951
2.04	2.480030988860348926842	2.295604918999578108346	1.55534334617929835658927
2.07	2.244090079856435657234	2.484708650969156339193	1.7336676199255210850354
2.1	1.98363755297800757961	2.6538404525015926139053	1.90528504969244063781264
2.13	1.699987028598036945614	2.8012095937944467081121	2.06896004342501418473367
2.16	1.394591462043521128719	2.9250071728399591166989	2.22345935350837728373204
2.19	1.069438075930529063077	3.0232660196405832846117	2.36756836332042427356856
2.22	0.727228687331302927749	3.0940415759098296575695	2.50009804058780574248828
2.25	0.371071796632359912923	3.1357560424648681915701	2.61988005200234435769388
2.28	0.003834537758634411683	3.14733263466966107453261	2.7257596716640778368061
2.31	-0.372318668474941556106	3.1279171677615804637227	2.81660045051920911873298
2.34	-0.755724141697455249276	3.0764144871248266334736	2.89130583519733067886626
2.37	-1.144381574717873175508	2.9913367700476570863328	2.948848189434080354731587
2.4	-1.535065579617505911826	2.8712678462907578783024	2.98828857210975639515496
2.43	-1.9230886650127699725406	2.7157145578640415736006	3.008778315362288698739375
2.46	-2.3029545642209362083703	2.5257090664696605373732	3.009549363520160610184864
2.49	-2.6694603768158354607727	2.303655567010723478744	2.989910045383827989380019
2.52	-3.0184946215217231335314	2.052517015560952865204	2.949257799737470195657335
2.55	-3.3470915993727183249037	1.774969978789017943922	2.887105637330050789842325
2.58	-3.6529127372446139401097	1.473126021398232413732	2.80310867540131797903211
2.61	-3.9336810990906684180179	1.148887862712741353428	2.69707991437850788984249
2.64	-4.1869626616507344785069	0.804495975461905328547	2.56899640162490284027505
2.67	-4.4102929302503919855539	0.442764798352975007698	2.41900564986342081595994
2.7	-4.60138114035918371860051	0.066884185423299599935	2.24743964149576531951097
2.73	-4.7581751811402094485174	-0.319928732294175695929	2.05483381200301237022319
2.76	-4.8788001807499685498546	-0.714569247783589040226	1.8419419002460201226508
2.79	-4.9615219453920739247879	-1.11388841652117160229	1.60974074733993455692682
2.82	-5.0048206686293292603096	-1.514452366494379080085	1.35942773163944750610535
2.85	-5.0075139428905916623375	-1.912471691328079541803	1.09241805830501876422233
2.88	-4.9688215800130145486	-2.303946457286941593893	0.81034523731827666056577
2.91	-4.888352009230929955661	-2.68486340814328387636	0.51506072862629327136485
2.94	-4.766086284199454282946	-3.051278985396003243781	0.20862611343788972497967
2.97	-4.602422809819950160404	-3.399286541837462836145	-0.1067043241416032364652
3.	-4.398251271575615728603	-3.724994305937638038061	-0.4285065657310342112803
3.03	-4.154975085742620893627	-4.024602528538020133239	-0.7542103393120224659367
3.06	-3.874461622984290295277	-4.29453616504492893522	-1.08112271614728915947569
3.09	-3.558990519306454815248	-4.531529325751559738201	-1.40645582808058253886364
3.12	-3.211271708607852428806	-4.732630419896060496846	-1.72736168225402142474018
3.15	-2.83450599252009471002	-4.895200483980030256902	-2.04097197659445979541232
3.18	-2.432381697309332904251	-5.0169820163991860498934	-2.34443772067890048080379
3.21	-2.008948272309356207256	-5.0962206285211187947211	-2.63496583890661027078043
3.24	-1.568439723827890715836	-5.1317481361429805689876	-2.90985476875356765192295
3.27	-1.115184518221911019178	-5.1229743702714199110537	-3.16653254460090018062989
3.3	-0.653646771918265990424	-5.0698362556288752814864	-3.40259720674026178811325
3.33	-0.188486882702339376741	-4.97278966734698118813015	-3.61585487790566431258683
3.36	0.275514672827203014504	-4.8328549904449609111474	-3.80435076281009886322635
3.39	0.733695275591298594893	-4.6516328481901730872055	-3.96639276006521945428006
3.42	1.181758800624910121929	-4.4312125919360399058187	-4.1005712549403632087583
3.45	1.615852763429876368637	-4.17400334835833193889	-4.20577769571802963385598
3.48	2.032444154685157770104	-3.8826003770451899988217	-4.28122017735955312976725
3.51	2.428141808594124226792	-3.559756831550489205097	-4.3264318043158620439282
3.54	2.799632838510753007404	-3.208411131529646137362	-4.34127001056392696603157
3.57	3.143753456290759056344	-2.831668452589831885902	-4.32590943153857390255975
3.6	3.457570909142793805209	-2.432719782049490487789	-4.28083219812609036224869
3.63	3.738369903707816755302	-2.014803820147410969935	-4.20681634561757101544152
3.66	3.9835825703860586295029	-1.581316555336837334037	-4.10491946479499581131069
3.69	4.1907989942415334676025	-1.13602417811909108865	-3.97645532667829613494734
3.72	4.357928594206906762458	-0.683191041574839418479	-3.82296551609941222536999
3.75	4.4834248184244927608503	-0.227466621967306300532	-3.64619102641470308828364
3.78	4.566414080733920255394	0.226423701668024797628	-3.4480465791194849082623
3.81	4.6066642667638892860741	0.673963864520239838539	-3.23059535928277758616453
3.84	4.6044815847681882753352	1.110920106681179586307	-2.99601974759213345922892
3.87	4.5606670682722649823732	1.533225928277872385215	-2.74658722867957848356674
3.9	4.4765559233896921985801	1.936882295551382190123	-2.48461619520088683102399
3.93	4.3540361216264677365749	2.318042687783782446067	-2.21244757327397634478244
3.96	4.195447741490661671348	2.673246952202095241443	-1.93242336168809131162516
3.99	4.00339827892565397477	2.99960635379892436894	-1.64686730710426615031242
4.02	3.780636003984431021701	3.294787976040181123448	-1.35806236894361100414177
4.05	3.530073080455102560052	3.55684324362535075456	-1.0682250312093090096642
4.08	3.25489026259299962719	3.784065419859127290167	-0.77948206741188094258842
4.11	2.958561766627159691031	3.97500812541769703633	-0.49385506777421427027227
4.14	2.644720182645775613484	4.128620757838472337449	-0.21325225600380277923268
4.17	2.316953633627653181288	4.2443459659009871183838	0.06053790246646737760256
4.2	1.978704339122516210557	4.3220825372568685173532	0.32585581648110850152372
4.23	1.633334258794063251591	4.3620631230660954469361	0.58118151802605333201335
4.26	1.284251141685416738702	4.3647689253445412289498	0.82514200899379695311911
4.29	0.934932899968816783232	4.3309395749913046574362	1.05651206327129993799386
4.32	0.588805912522590160232	4.261625103776934506972	1.27421066558875411899913
4.35	0.249091034500527067828	4.1581950650773763581395	1.47729797087715213469086
4.38	-0.081242902865226769335	4.02228834289932650883873	1.66497490112462334688937
4.41	-0.399406370155726151448	3.8557601801329818393044	1.83658267910461163074727
4.44	-0.702717686015220188904	3.6606726099068340479124	1.99159836144389222670468
4.47	-0.988639752433647190185	3.4393054421936426968341	2.12962615456078577714912
4.5	-1.254893047894911518487	3.1941357037464557733304	2.25038855539297613973787
4.53	-1.499516040839677650626	2.9277864019022611999623	2.35372104601524760802347
4.56	-1.72080975323514497014	2.6430069505734133336881	2.43956935648764812480566
4.59	-1.917259642192322655628	2.3427174161787302704895	2.50798464392999191112574
4.62	-2.0875842919243866448347	2.0300377259895967618785	2.5591139161185872943847
4.65	-2.2309251520336193288508	1.708166096865325982494	2.59318891444982559536842
4.68	-2.3469953209639241574692	1.380079800226334590721	2.61051984500009064369073
4.71	-2.4359764809652868480117	1.048240006145609864016	2.61149647711998619035341
4.74	-2.4981636812926204592002	0.714576242765464237275	2.5965913774011618564229
4.77	-2.533619686952146437875	0.380858832310371473428	2.56635639040995251430523
4.8	-2.54214255165117066273552	0.0492431072442261333776	2.52140852013838778479352
4.83	-2.5235971416986008488945	-0.2774241097500314709426	2.46241108295269100201563
4.86	-2.4783331771036872669234	-0.5957992956630949080373	2.39006117936794159836675
4.89	-2.4073291069408987891234	-0.9026091504125052912049	2.30508977137051795203339
4.92	-2.311959785086861256011	-1.1951623780517179469194	2.20826995568577636548354
4.95	-2.1936365981611941862141	-1.4714474300829176765621	2.10042221371258819576318
4.98	-2.0536641182451754201694	-1.729821231806469112819	1.982408772160549621953329
5.01	-1.8934170908478340776804	-1.968615408355942465012	1.855119450552730393233992
5.04	-1.7146203848330137521214	-2.1859951012676466274658	1.719458893428912739398961
5.07	-1.519427552551288674052	-2.3801336556965066819541	1.576343154051635116586324
5.1	-1.310210592533307303513	-2.5494880607308909568241	1.426704554455663502400803
5.13	-1.089266312472734826709	-2.6929209057985565173125	1.271496368331552198133592
5.16	-0.858720263805888049278	-2.8096097147504715106363	1.111689799736787141177779
5.19	-0.620701977247193157195	-2.8988924329596747579126	0.948263420747765183936988
5.22	-0.377593982759987903649	-2.9602221342034975678643	0.782192008564401392160416
5.25	-0.132092442030693339988	-2.99325641181667319910951	0.614441440139454510657671
5.28	0.112988642164868515716	-2.99796317451548581359563	0.445969947837495532811047
5.31	0.354988859214160421679	-2.9746293643767148324845	0.277730138711249430047979
5.34	0.591509504569896376457	-2.9237841097464550911517	0.110666139246439158585147
5.37	0.820294606149542329194	-2.8461413599658484344269	-0.054294608617503094212467
5.4	1.03904149096188560611	-2.7426303530208520079938	-0.216250435068173024353019
5.43	1.245347085577077497656	-2.6144699013425618384715	-0.374330781545346714876933
5.46	1.436844535256959028233	-2.4631869730887810172162	-0.52769726036894798861628
5.49	1.611399179949898002706	-2.2905416148346511710799	-0.67554383838462883615752
5.52	1.7671953287107299982092	-2.0984256760757695454872	-0.817099666547220562868814
5.55	1.902672406925533530174	-1.8888319580848899997205	-0.951634864606927503363847
5.58	2.0164154372687140199923	-1.6639116349572892447374	-1.078466589800356749681451
5.61	2.1071266628420002154808	-1.4260398305673058097219	-1.196962750002905634834817
5.64	2.1737015197622898633538	-1.1777988769644227255777	-1.306543211480663590949329
5.67	2.2153254448798799955254	-0.9218746799123199606824	-1.406680474928492867976507
5.7	2.2315038151830608953987	-0.6609496492969958177584	-1.496901572522622540135843
5.73	2.2220207285552257481108	-0.3976737585510925142964	-1.5767910415558235926272
5.76	2.18689218796401315652682	-0.1347109452382409345019	-1.645993465129433750820357
5.79	2.12636677655779865093637	0.1252158870917502433741	-1.704214512339789321690781
5.82	2.0409618609140308606839	0.3793473355394253402891	-1.751220864685344867448459
5.85	1.9314858077276894355286	0.6249684356071505669342	-1.786840181486371220966123
5.88	1.7990226294685298547475	0.859483890986123814098	-1.810961654529949628653117
5.91	1.6449039620007654501408	1.0804417349760998780672	-1.823536633178834496505666
5.94	1.4707036085627157509556	1.2855216013369558917731	-1.824578536563816302401713
5.97	1.2782541157664953655588	1.4725380551530155449252	-1.814161992291729669038788
6.	1.0696510808981953587158	1.6394843623469744504948	-1.79242187196946281149627
6.03	0.8472205582951074952236	1.7845943870579341286825	-1.759552739029217569074938
6.06	0.6134636002497942591029	1.9063850613729751228719	-1.715808420471740658165148
6.09	0.3710109006722900495937	2.0036687450844454135581	-1.661500984818903656311077
6.12	0.122598576537406820604	2.07555445835830021692436	-1.596998900501154568014404
6.15	-0.128955593651751457613	2.12145489457977614923355	-1.522724960060803282896524
6.18	-0.380795846679528082146	2.1410933644318180054669	-1.439154648362610427782367
6.21	-0.6300813131445264291409	2.1344974858617048106761	-1.346814800647243691943869
6.24	-0.8740181395399813750978	2.1019848030392318812049	-1.246281584051017886114586
6.27	-1.1098624507027589127674	2.0441604197985848692051	-1.138177084042427921736909
6.3	-1.3349240426030958101048	1.9619308936053977753625	-1.023164954383154865050798
6.33	-1.546605943721752172837	1.8565082528379887207589	-0.901946410693263571532123
6.36	-1.7424745511517826593326	1.7293767503402775783271	-0.775257268943028662012567
6.39	-1.9203142191073804686815	1.5822355303518432204163	-0.643865218768173138961219
6.42	-2.078130831211322681144	1.4169679142795671171743	-0.508565712329298497941715
6.45	-2.2141244708181884291019	1.2356680986233214786779	-0.37017580710405677504598
6.48	-2.3266885537556879506933	1.0406870065467507446206	-0.229527222774806988194012
6.51	-2.4144640989409126256675	0.8346170280755608393874	-0.087460749727157581756386
6.54	-2.4764115504616782623457	0.6201824230594369078108	0.055177141658259371925242
6.57	-2.5118360684958487216102	0.400103886087329223567	0.197536977401995417339254
6.6	-2.5203513976164064632072	0.177051964771011397193	0.338770711065935227376988
6.63	-2.50183826790364174195021	-0.046273235485798668963	0.478038785883231709649116
6.66	-2.4564596801250806901046	-0.267035027910467337664	0.614517938379120296625975
6.69	-2.384722163713193926265	-0.482275005177159052313	0.747406720763480002281961
6.72	-2.287502288894000672662	-0.68909092261940394228	0.87592759232580878724275
6.75	-2.1659831614912111756632	-0.884847643806330139348	0.999327664532522511119031
6.78	-2.0215520633494277711879	-1.0672373993874346766578	1.11688155875320763383449
6.81	-1.8557760299473083140254	-1.2341438993506125904625	1.227897762110084036351094
6.84	-1.6705015019363311739483	-1.3834678669293961249078	1.33172617348117391895479
6.87	-1.4679716486015176985667	-1.5131267423377321252581	1.427762859337907879778308
6.9	-1.2507882846810519892801	-1.621273149353467064708	1.515450259545747816212804
6.93	-1.0216704062787551007563	-1.7065441501637435283569	1.594275260982257160857951
6.96	-0.783183465887712275425	-1.7681023385612747017418	1.663769632442162427292923
6.99	-0.5377008358068932227036	-1.8054329922211229373394	1.723515043131294288519353
7.02	-0.2876798941817113633727	-1.8181228741833917539232	1.773150207462110321391073
7.05	-0.0360232307233432891328	-1.80589015721687779794403	1.812375072746926418796156
7.08	0.2138524350804907921586	-1.76888786660552259019649	1.840949127565334383528956
7.11	0.458420559425719727065	-1.7079894523074487262787	1.858686089739449583815833
7.14	0.6946974143744271148473	-1.6247114407757026244522	1.86545065569255966717694
7.17	0.9206659638248107259281	-1.5207287963327085314001	1.861161334946725879116534
7.2	1.1351440033559007296654	-1.3973216672646044852011	1.845798001576038833973755
7.23	1.3371962561740121768656	-1.2551851878289903716849	1.819408520780973325278707
7.26	1.5255203265653344924977	-1.0947487210564100598571	1.782109509544523073184577
7.29	1.6982111251942701302755	-0.9167498016534518536939	1.734081242208490618678598
7.32	1.8529855929572409770745	-0.7226334833955532281287	1.675561339728588149409879
7.35	1.9876157555526592224881	-0.5145279222383353046735	1.606842077925007423448088
7.38	2.1002376341033246776699	-0.2949061286418527981697	1.528272055877376594366066
7.41	2.18939871221987913243248	-0.0662636394466835364092	1.440258648809464303808745
7.44	2.25395757426746887272087	0.168948792980455193422	1.343267126245268046734806
7.47	2.2930261399598027119783	0.4081750216495520364729	1.237815722812241891184079
7.5	2.3060247931236688173108	0.648611319060312667278	1.124469733356252013317249
7.53	2.2927683368620494946851	0.88724536687643198396	1.003838191878408701616614
7.56	2.2534740258997271870968	1.121048808680826609649	0.876573652515049841708855
7.59	2.1886821861239584933831	1.3471585802619396668	0.743372239370604421650891
7.62	2.0991754981501458191164	1.5629239165683023988404	0.604970784732012574780397
7.65	1.9859706191736207841155	1.765842149315214970542	0.46214068188216946650693
7.68	1.8503639106020862607561	1.9534982500177885000602	0.315681070438098045678275
7.71	1.693952997015469283853	2.1235860143946314438227	0.16641419173849496384089
7.74	1.518589527406633292166	2.2739880778329762386751	0.015183189608888150147531
7.77	1.326297211663606487509	2.4028401911847123116547	-0.137149956312862625578225
7.8	1.119220592433626453291	2.5085405193593704287245	-0.289708713499418768943078
7.83	0.89962516354704496813	2.5897284127618999167961	-0.441608506651847942443134
7.86	0.669908337178759560117	2.6452758619132106893079	-0.591963310907121355326454
7.89	0.432575087148837793063	2.674301569151729158117	-0.739890373749713158698092
7.92	0.190182110485617842769	2.67618396806786893989314	-0.884513230592501558342505
7.95	-0.05470491362799614767	2.65055508456371409329171	-1.024964857842344031629627
7.98	-0.299513706445878887382	2.5972854107002223812189	-1.160392332122516131944297
8.01	-0.5416509782871132209936	2.516478705416775818025	-1.289962430645332942653553
8.04	-0.7785141113218561127403	2.4084747648708218172887	-1.412866415842543100081164
8.07	-1.0075345606994957282173	2.2738408396042759743576	-1.528323047568797331096175
8.1	-1.2262105026805529345914	2.113348063290064705019	-1.635580660823545745719295
8.13	-1.4320890236636714408204	1.9279615159880986219802	-1.733919896864472624229172
8.16	-1.6227143566674962805015	1.7188766714906924622659	-1.822657594980454269472708
8.19	-1.7956061431489767393279	1.4875958368872591727235	-1.901150736275904721647735
8.22	-1.9483149542287713967442	1.2359952536143953072559	-1.968799044980528175219906
8.25	-2.0785380480468938228995	0.9663378279665992341354	-2.025046216507315214085082
8.28	-2.1842373326463802261983	0.681237124259843186498	-2.069381185647663939358457
8.31	-2.2637255187078538587607	0.383616411188297505524	-2.101340715789837625040698
8.34	-2.3157374939705349301472	0.07668249183195074012	-2.12051303370311517317296
8.37	-2.3395102957406744173692	-0.236126720773952364775	-2.126541049794301661079466
8.4	-2.3348434946219600411297	-0.551278893333634911803	-2.119124266114742725558424
8.43	-2.3020722140074732376679	-0.865359058034891039583	-2.098020126005791205218309
8.46	-2.2419270619053719542692	-1.175256359404626969324	-2.063046332103529923399995
8.49	-2.1553523137679630762417	-1.478214971707100056399	-2.014084570061522535506286
8.52	-2.0433992584060274837171	-1.771736280222530338793	-1.95108435747661574361965
8.55	-1.90724183118693196494	-2.0534363884601771807712	-1.87406548825370217614031
8.58	-1.748239884507053067304	-2.320982960881379468069	-1.78311922239936096515401
8.61	-1.567932447334405806839	-2.572139937622051090693	-1.6784100687524843932509
8.64	-1.367933101505900591414	-2.8048381186807442784207	-1.5601795282871617227914
8.67	-1.149830000532713405202	-3.0171769613531197872806	-1.42875071895264784630555
8.7	-0.915216404173409249425	-3.2073535794451721187778	-1.284531111255424097792253
8.73	-0.665853374376337539953	-3.3736038932221892898477	-1.128011954864280024442774
8.76	-0.403817520786502961811	-3.5142298164598280614154	-0.959766352125716192175143
8.79	-0.131477904214697346212	-3.62769069486335413203908	-0.780449661657370309300445
8.82	0.148695233117580495523	-3.71266743523564589927525	-0.590803593480602363528784
8.85	0.434314576816956865367	-3.7680449028108920987053	-0.39166091599879348774601
8.88	0.723073763565581354217	-3.7928594029113009119085	-0.183945872104113058240089
8.91	1.012562910261304080219	-3.7863035955269657095599	0.031331265884907196237003
8.94	1.300094665598082561223	-3.7478133668267300137017	0.253081481477557170286897
8.97	1.582733494515193284677	-3.6771550683792403762563	0.480140129035370447322074
9.	1.857523321535405285357	-3.5744141160348393832384	0.711264168766899797462949
9.03	2.121711503156093473709	-3.4398901288276645208573	0.945128535757859284053561
9.06	2.372772884270529029648	-3.274019075587584320027	1.180328847960646030935498
9.09	2.608241523699826949593	-3.077431004585344800644	1.415392510140895249717521
9.12	2.8255501732731824323	-2.85110878181609842005	1.64879257575865132093049
9.15	3.022062595447636155983	-2.596488196016557650087	1.87895640381738216811643
9.18	3.195282143530451151434	-2.315378686259515918324	2.10426700939518586729168
9.21	3.3430458739516190858241	-2.009762876361216798274	2.32306339680360917650239
9.24	3.4635457466155371362163	-1.681666999421542217378	2.53364843332561418860333
9.27	3.5552109592460715284065	-1.333228637698852347974	2.73430635276252394843135
9.3	3.6166230840476780004041	-0.96687673033657621439	2.92332325962524151850033
9.33	3.6465724966902621192863	-0.58540258344359463057	3.09900212025666408106251
9.36	3.6441811708308092477067	-0.191797089389619580424	3.2596707784730992521648
9.39	3.6089280691988700777818	0.21102515604360950442	3.40369015094547379206584
9.42	3.5405252760833648547793	0.620352706880040539697	3.52947068908079433289921
9.45	3.4387779768083694086709	1.033517179299729015388	3.63549720272446515908006
9.48	3.303598769014767257469	1.447587693726095909757	3.72035361507150810540464
9.51	3.1351767679548282831293	1.859214015936314396359	3.78273944162113730337092
9.54	2.9341070313680903352247	2.264773230971100453009	3.8214789294944139720383
9.57	2.701301208925423877926	2.66067432188741558303	3.83553240259811085581082
9.6	2.437742791359467915711	3.0435186382096358801304	3.82401820548394312172458
9.63	2.144367136221748064627	3.4099660927026792305818	3.78624360992501712006035
9.66	1.822277158170561776482	3.7564618453512029243777	3.72173439828139673868216
9.69	1.473183381233365196316	4.0791235716996186432316	3.63025439148656974474714
9.72	1.09970102853601733831	4.3739318751850662213967	3.51181595122827828389811
9.75	0.705228253004560064249	4.6370750658472738555018	3.36668980955980295492802
9.78	0.293507154346692174787	4.8651753271518286439564	3.19541967462186417458909
9.81	-0.131733996301304499832	5.055282300762647860239	2.99883742223648106346832
9.84	-0.566748945227641378208	5.2047739385518684441989	2.7780692228203594835244
9.87	-1.007440509074698973403	5.3113750310545134513886	2.53452797983195092816195
9.9	-1.449122736050383451394	5.3733300559119564921584	2.26989762930293115176964
9.93	-1.886683086270622712492	5.3895596574321007376274	1.98611893721755663596744
9.96	-2.315052160183072684052	5.359630159586590756813	1.68537968614437094511968
9.99	-2.729587624518914605534	5.283575369702983020766	1.37010173358810854974257
10.02	-3.126074127395870763675	5.161787432648588121876	1.04291481798772293097069
10.05	-3.50042517520051120684	4.995125665437557951844	0.70661546824160298621008
10.08	-3.848453622792762235682	4.785143175534497711299	0.36412030994111648764091
10.11	-4.165983155295964597801	4.534175374780055873147	0.01842507010320404352094
10.14	-4.449219782807867522778	4.245153990866189847242	-0.32742831923121245566739
10.17	-4.695056438223169280838	3.921289401534988375259	-0.67038445928937247763219
10.2	-4.901077757281307432565	3.565905983473188553717	-1.00741602129307685505744
10.23	-5.065339895628060638242	3.182560118627765226562	-1.33557397281809754972959
10.26	-5.186196279518462133485	2.775275342556642459673	-1.65203691959665206232692
10.29	-5.262345918004826052474	2.348602311472252228279	-1.95414973353022325928147
10.32	-5.2930274901256672751727	1.907384851598932871485	-2.23945023609899472184903
10.35	-5.2781446567962425741725	1.45640670392692355977	-2.50569088848218594297803
10.38	-5.2182079160585857358755	1.000205999943791245796	-2.7508622229429641068062
10.41	-5.1141773719542984194334	0.543168562659946161536	-2.97321746928794319431604
10.44	-4.9673683648362015851324	0.089737031991915733857	-3.17129181018844910395342
10.47	-4.7794775318278574627016	-0.355520538514658422601	-3.34391094637485608688117
10.5	-4.552641562540572553652	-0.788073516423374050914	-3.4901899791499418029257
10.53	-4.2894200154649577310832	-1.203676984531099785631	-3.60952796956028214341777
10.56	-3.992703405432146475166	-1.598493673569153600349	-3.70160196697205657145542
10.59	-3.6656450238874624773367	-1.969030370575294298455	-3.76635962352975487092868
10.62	-3.3116834410537821305919	-2.312023063257202111899	-3.80400728310041707657397
10.65	-2.934605193915657683405	-2.624439889480749473751	-3.81499260202489068520047
10.68	-2.538535657881906029863	-2.903631902466384098728	-3.79998413680373924748945
10.71	-2.127811927658953380042	-3.1475115610442461382467	-3.75985092441772462977272
10.74	-1.706806269883929963585	-3.3546282211629430471466	-3.69564268881822909031539
10.77	-1.279802322910649149763	-3.5241222906052793530576	-3.60856920992778632871402
10.8	-0.850951245455024606277	-3.6556361983818773598825	-3.49997804390294656139418
10.83	-0.424250295742047642364	-3.7492504149699052453913	-3.37133197737757768777309
10.86	-0.003489157358319699629	-3.80544192447346142462689	-3.22418829320427977065245
10.89	0.407818483631199783612	-3.8250303409737048122714	-3.06018017903605026051834
10.92	0.806458216608737853594	-3.8091098264677841020586	-2.88099869684818557439564
10.95	1.189473818812735202689	-3.7590010734147384755364	-2.68837417585027158743325
10.98	1.554113181504521557469	-3.6762411435340667261866	-2.48405818844720881400749
11.01	1.897824233957501932894	-3.5625834251340734524911	-2.26980840472404130859571
11.04	2.21830090522621495317	-3.419971173278555893763	-2.0473768327518706067368
11.07	2.513517334422877184046	-3.25049266466091298221	-1.81849913747212391766784
11.1	2.781703307744417471726	-3.056364939089705611158	-1.58488239936048346005364
11.13	3.021289154744461638453	-2.839966384763978457603	-1.34819167065272788405412
11.16	3.230893359307780421069	-2.603868868709801795947	-1.11003879375230978159025
11.19	3.4093825844381384355644	-2.350796700414414209877	-0.87197633069954850646884
11.22	3.5559479687753961947111	-2.083509869144425753474	-0.63549524013268933347544
11.25	3.670114457472797176335	-1.804706315745945704414	-0.40202155375093972536779
11.28	3.7516690210769698011726	-1.517043639917620179354	-0.17290878447101570929418
11.31	3.8005840423750604814064	-1.22326332943696676481	0.050571916357961312423951
11.34	3.8170189323679079828567	-0.92627384485680675055	0.26723821682684088913489
11.37	3.801393286019172287531	-0.629061799926532496374	0.47599624195655754927408
11.4	3.7544392259496477984526	-0.334467319051506535865	0.67583609487128286806855
11.43	3.67716149021355397683375	-0.045019153233123759702	0.86582974534816412204908
11.46	3.5707425964345238398448	0.237003860517655624496	1.0451350159675352401161
11.49	3.4365004846434684153646	0.509334597521570159833	1.21300266821432887254526
11.52	3.2759469908429989737733	0.769547173924546719738	1.36877976914681388273046
11.55	3.0908651015695992047775	1.015158881787631252345	1.5119056801840900378135
11.58	2.8832753758226007155803	1.243947574686800652089	1.6419040328644258989252
11.61	2.6552752322038930006423	1.454195539063610436293	1.75837771455796225195537
11.64	2.4089010624874358074108	1.644615705926519450997	1.8610103363154790223196
11.67	2.1461856576806483533635	1.814017553393252989183	1.949570532260210651537801
11.7	1.8693977226237204466565	1.9610389868854637529622	2.023912192074894971444931
11.73	1.581221875233094058682	2.0842274455037099717974	2.083967871201580238343627
11.76	1.28461712996061752258	2.1824158078136279286705	2.129739955802925160445737
11.79	0.982358586608897469487	2.2550277868192046379895	2.161296952158134371789004
11.82	0.676606365538707851542	2.3019844002467115053701	2.178777228930972238444044
11.85	0.36892025220687648808	2.3232558053605835002713	2.182394402552636410136574
11.88	0.060824856179051889327	2.3184622623428426297334	2.172435551595493864066821
11.91	-0.245431216131813267434	2.2869279334369206249901	2.149249080049891091813158
11.94	-0.5464896312418680874635	2.2282139254765465918459	2.113228416224197530550651
11.97	-0.838193401485218684444	2.1427304274075370180677	2.064802098456073394688162
12.	-1.1163991682689477032198	2.0319430310198199617179	2.004435951812487131858827
12.03	-1.377735772601763579172	1.8980344512663981045509	1.932643300805582154290194
12.06	-1.6198540888123197858935	1.7433347765019107517061	1.849993173317666160916881
12.09	-1.8411483927907254746751	1.569970372040910489137	1.757109195070493384324176
12.12	-2.0402965540938814842621	1.3799165548519922817742	1.654660282912655792135225
12.15	-2.2159876343548951629908	1.1752684035770024288701	1.543350528852235610738845
12.18	-2.3669460750865786075168	0.9584093960327878444767	1.423914713326162011056825
12.21	-2.4920991254997753610618	0.731930029706752394355	1.297119579320955958529421
12.24	-2.5906812365073134728948	0.498414916160214232881	1.163765717197581249160375
12.27	-2.6622078609456044853547	0.260317746904865383873	1.024685187094876504621981
12.3	-2.70640029027675283018067	0.02001755128567692286	0.880734643307026952424021
12.33	-2.7231628455779731685263	-0.22004118086965781221	0.732787706674228629966014
12.36	-2.7126259857037365441826	-0.457283680969096343918	0.581730054535899878989713
12.39	-2.6751939904609731136718	-0.689072954660800781454	0.428457166779517170410384
12.42	-2.6115481270656760196674	-0.912833293085248170585	0.273871850527597939707116
12.45	-2.5226190744181730959572	-1.126121083692789327932	0.118879223775063642462245
12.48	-2.4095724605295350948814	-1.326615947472660048203	-0.03562030177534603064492
12.51	-2.273820731124585293301	-1.512092407540513692984	-0.188737559760245714611618
12.54	-2.1170324992572654600289	-1.680435360418870419436	-0.33959905020393749656829
12.57	-1.9411124128405748026181	-1.8296977809595382995622	-0.487350001068469302533153
12.6	-1.7481635129697212038092	-1.9581516288202093557746	-0.631158107219093623749879
12.63	-1.5404655052951396162312	-2.0643021296323682761243	-0.770218925500010963777866
12.66	-1.320476679075403797532	-2.1468862490935574167857	-0.903761859277876681022059
12.69	-1.090827623457465189783	-2.2048922533004194399748	-1.031054885769629827435563
12.72	-0.8542748718447408379	-2.2376035633633234327347	-1.151407381867960374007307
12.75	-0.613626760839828749362	-2.2446343645294673569374	-1.264172160817403176647763
12.78	-0.371688773000409560159	-2.2259327305973507957281	-1.368748255687081575423964
12.81	-0.1312542214504018702528	-2.18176638192086004534716	-1.464584749300302887081399
12.84	0.1048921510236639965521	-2.11272352013933013825045	-1.551184498107489825584628
12.87	0.3340171701607507004741	-2.0197319536876321581428	-1.628106475327387640961896
12.9	0.5535466617776604473826	-1.9040598568793962864624	-1.694966675846913417046094
12.93	0.7611851887276525207226	-1.767263133471494180682	-1.751438674853541433124045
12.96	0.9549736946705748076264	-1.6110899482824746032952	-1.797254806038269225326841
12.99	1.1332612262461460615447	-1.4373899626408352216382	-1.832207791350580476129071
13.02	1.294634883951940963402	-1.2480607021104327564619	-1.856151848907709209981776
13.05	1.4378650526836582891083	-1.0450170114197930960577	-1.869002693005215920603689
13.08	1.561874627717925809714	-0.8301526805561209244972	-1.870736885986391695725599
13.11	1.6656968927711562651548	-0.6053011426108048349727	-1.861391448867872770827829
13.14	1.7484047222131363281691	-0.3722478480005036092138	-1.841063968657104705849781
13.17	1.80905335619055679102362	-0.1328336769819890930268	-1.809912464273993962111718
13.2	1.8467038844428661618856	0.1108877842954680443386	-1.768154183173939847690836
13.23	1.8605429534910249141267	0.3565426642192662388302	-1.716063473635679606969676
13.26	1.8500318983001155407631	0.6014622075306497490634	-1.65396981144981301196892
13.29	1.8149933289496887684145	0.8428239180996940583174	-1.582256793408920456652078
13.32	1.7556075999393089470478	1.0778026575117331777266	-1.501361593062364166202829
13.35	1.6723799361810894888077	1.3036365215133069061652	-1.411773423028154612133063
13.38	1.5661543816953818045218	1.5176109910932152328516	-1.31403013591278848729579
13.41	1.4381741641790052270237	1.7170498101354300560334	-1.208713774973328574114432
13.44	1.2901060086986657110383	1.8993855336877788980145	-1.096446909713668703143552
13.47	1.1239582005845130511178	2.0622872591351886756165	-0.977890728788227703199381
13.5	0.941926896833382303706	2.2037536095183554335684	-0.853743821404750956178438
13.53	0.74629056293190611588	2.3221112789273773606041	-0.724739439825235563492288
13.56	0.539435381623560848	2.4159556825819087498426	-0.591640132127758960396097
13.59	0.323960847735840348879	2.4841229408028764835075	-0.455231039703020858137717
13.62	0.102722304381609943915	2.52573492340341551354686	-0.316314460436376258996467
13.65	-0.1212789759584399277591	2.54026783439858617293158	-0.175707019498567071529477
13.68	-0.3450935756183035698319	2.5275651056722445738416	-0.034238061721530309536476
13.71	-0.5659488064546759747007	2.4877810701719156806997	0.10725360710459820227215
13.74	-0.7812067648723364693231	2.4213248422697440203259	0.247926128687926811017866
13.77	-0.988227964244238301996	2.328873824646062858074	0.386942634712270890413073
13.8	-1.1843080197597950552968	2.211439076586695213724	0.523477727313759820919275
13.83	-1.3667790299943316264435	2.0703905002327879696723	0.65672062769698331881721
13.86	-1.5331980308520337735989	1.9073806888203506690047	0.785876451224138766652919
13.89	-1.681457305470482869622	1.7242175548242262428911	0.91016890639258552814446
13.92	-1.8097340569474588074453	1.5228040551004823035663	1.028846258933384726252796
13.95	-1.9163595471254644780917	1.3052024992955474573671	1.141189016257129765343504
13.98	-1.9997595315580660029124	1.0737466784552343477086	1.246515833265121201027267
14.01	-2.0585290256908664074448	0.8310623807418992401315	1.344185625791016651498289
14.04	-2.0915570165425395520987	0.5799436584144091137022	1.433597380672915033417969
14.07	-2.0980717426297198467962	0.3231871191397386693062	1.514191174320425355862372
14.1	-2.07757959144281569732966	0.0635451537166021971091	1.585452386452320103464175
14.13	-2.02980172945900669309817	-0.1961521276831725239889	1.646917526532646402154048
14.16	-1.9547230124263382242772	-0.4528330415882188342669	1.698178112442196988804191
14.19	-1.8527428654719939059008	-0.703166497349368358509	1.738880763787427900680668
14.22	-1.724794537208898695486	-0.9437540336212687270536	1.768725470421056999655486
14.25	-1.5723174852829865813802	-1.1714053209039026087895	1.787466036323118523369247
14.28	-1.3971132121722631969478	-1.3833045385816820921904	1.79491475849418552231981
14.31	-1.2012276169026114358043	-1.5769954808235269002878	1.790949179486323605571367
14.34	-0.986955624897668145965	-1.7502883668708108661978	1.77551629914443363739484
14.37	-0.7569093793529057502025	-1.9012394301548458964483	1.748631384709395892492885
14.4	-0.514004611406673171165	-2.0282396614869288505316	1.710372879569186067405644
14.43	-0.2613009395966246747767	-2.1301110314293055076323	1.660877783127097121943479
14.46	-0.0017932135503036182049	-2.206099509003047880512548	1.60034066391920312873387
14.49	0.2616853932276027481976	-2.25577194901940624024737	1.5290155692203701205448
14.52	0.526393230518494361869	-2.2789253785534153821899	1.447217399315177634001984
14.55	0.7895502129299560378915	-2.275588995106309911263	1.35532029319414758495984
14.58	1.0483046901605683376089	-2.2460822137778159471265	1.253753892594452548988876
14.61	1.2998425919387699086731	-2.1910258917653390619202	1.143000405760237006231672
14.64	1.5415333823748290714091	-2.1112650799415576364763	1.023594091417424653008253
14.67	1.7709740038402154991681	-2.0077777384460307119995	0.896121673678039905146187
14.7	1.9859044835532779202806	-1.8816759395910447843182	0.761220737101823747170034
14.73	2.1841029093826443198243	-1.7343091813778048144256	0.619574985622866199353165
14.76	2.3633832327062471224627	-1.567357744995836277885	0.471908437256310755993956
14.79	2.5217073299073498944743	-1.382797354752803863035	0.318981692760180783968668
14.82	2.6573068084562371034576	-1.182743420705897682722	0.161591090043902143506281
14.85	2.7687105822748772767774	-0.969313418286842070024	0.000568217508932280791837
14.88	2.8546810639950731204853	-0.744636168052363706627	-0.163223507170808815647061
14.91	2.9141536386680811023674	-0.510988530134866136195	-0.328895711317703978240405
14.94	2.9462557983263898052304	-0.27090475710954934407	-0.495542383847374355700048
14.97	2.9503841138334152626854	-0.027124589959874480795	-0.662244055191899352281909
15.	2.9262532888683331868534	0.217594387245901481104	-0.82806838785541112924175
15.03	2.8738705750569327540607	0.460639218709703287193	-0.992070422916382178612378
15.06	2.7934796073085006564221	0.699545635760588938984	-1.153296181622381800171171
15.09	2.6855521584401400270525	0.931871570534963305497	-1.310789987470052060958378
15.12	2.5508451887343125907162	1.155096676493169843011	-1.463602107199547190908047
15.15	2.3904561361286746172619	1.36667252525251569825	-1.610792944204184128101829
15.18	2.2058008812126922023767	1.5641951989142552670942	-1.751433427336270293571979
15.21	1.998519010796965484855	1.7455579400257451009111	-1.884604952585095718999639
15.24	1.7703896797030873670942	1.9089771302120440589523	-2.009402522770645217951285
15.27	1.5233262467262875581922	2.0529205944333235814136	-2.124941408991772508426029
15.3	1.2594210596338019304638	2.1760549593571613884513	-2.230364196896257506680276
15.33	0.9809396116467122709926	2.2772822032879663793039	-2.324844954660162815841302
15.36	0.690200434606158984441	2.3558150874577370242838	-2.407590402867446027740873
15.39	0.3893929991507740673286	2.4111809251965000700715	-2.477841002552604072601832
15.42	0.0804638998543587652278	2.44310550860310428568892	-2.534874755177456871788455
15.45	-0.234840021396775928906	2.4513436280504506903287	-2.578013628366941779449381
15.48	-0.554805953296232791968	2.4355694003373320657561	-2.606630098379799942985823
15.51	-0.877587691565380212367	2.3953780462801986151343	-2.620151800657207950499759
15.54	-1.201130924277248326421	2.3303554578167561677339	-2.618064860202653823111674
15.57	-1.523184944118457829299	2.2401439396645945720751	-2.599918123964487101831783
15.6	-1.841327354490150078091	2.1244877935427929578825	-2.56532949725232028634248
15.63	-2.1529554642217966639385	1.983300166932295514054	-2.51399327921915305541804
15.66	-2.4552733149767022456819	1.816775830678906217408	-2.4456865716554241360712
15.69	-2.7453334968429244769584	1.625503676751347324866	-2.36027440429082453065458
15.72	-3.0201452101238681868658	1.410500156338774480305	-2.25771519251864390972724
15.75	-3.2767937049088849387269	1.173141567737771739442	-2.1380680313282721235703
15.78	-3.5125082864225115998705	0.915063037348048722423	-2.00150114896354662273626
15.81	-3.7246718185553493818505	0.638114299882042375686	-1.84829918533534542771529
15.84	-3.9108171570587196815024	0.344389840925160355343	-1.67886793625782671659205
15.87	-4.06864930767982011179579	0.036265068408395334063	-1.49373781777695073508155
15.9	-4.196085037140592641377	-0.283631918224541275589	-1.29356844451951855407046
15.93	-4.291277650452680864516	-0.612502296433718216931	-1.07915481586388219343587
15.96	-4.3526202865222758301289	-0.947435951829802926887	-0.8514327061263802165856
15.99	-4.378754956637853658511	-1.285402407029646586131	-0.61148043060588762109068
16.02	-4.3686050818161583159239	-1.623217702386988240042	-0.36051696920085670508728
16.05	-4.3214069810750240593691	-1.95756937776029367778	-0.09989930778866891784743
16.08	-4.2367036039265686447295	-2.285112858357795545348	0.16887879255201502278772
16.11	-4.1143118140424193986933	-2.602555150125096598866	0.44418817085544797406056
16.14	-3.954326895821891283532	-2.90664041084948129897	0.7242698683972808684012
16.17	-3.757202590302111631321	-3.194065177925086061186	1.00724682336898656925251
16.2	-3.523846337362292431388	-3.461452898118756461964	1.29113855148071751987468
16.23	-3.25561073599404040758	-3.705474573186077242027	1.57387378002911866219974
16.26	-2.954144168585140188676	-3.923040161976588154214	1.85330016931418927770776
16.29	-2.621232717505700024037	-4.111382882761622054878	2.12719653112397974641634
16.32	-2.258832893094098756248	-4.267952835093440012774	2.39329394488149236466375
16.35	-1.869335643361309517591	-4.3902479619212310967168	2.6493054582373818127234
16.38	-1.455833754095142074384	-4.4758041977524669919794	2.89295604270729099332939
16.41	-1.022074926529925987838	-4.5224087058628863476247	3.12200437246949232567383
16.44	-0.572036746642652944654	-4.5283378158497074008494	3.33425748313389172559186
16.47	-0.109472716542694911088	-4.49235981001655258368286	3.527589299850138870917
16.5	0.362069132339174639219	-4.4135041619263478966397	3.69997308671612063678958
16.53	0.838605533254134743503	-4.2909367360907484557352	3.84952505018997250227268
16.56	1.314922478247875668279	-4.1242984285438763744386	3.97454366003535855839113
16.59	1.78440334179403662216	-3.9144399732400702513285	4.07353048301252385388214
16.62	2.23988313229508480233	-3.663969359399216121426	4.14519426574860251423324
16.65	2.675099696003318804904	-3.376979277454927621789	4.18845608238239142639256
16.68	3.08575083929417039323	-3.057927906071041551594	4.20247326284757078201647
16.71	3.469424028540581298852	-2.710410456263345393994	4.18668213522301481279551
16.74	3.824535083472002529422	-2.336735959754682872315	4.14084032344176611437031
16.77	4.1491253682408328086268	-1.938604808569817621737	4.06504669385685229760293
16.8	4.4403507464005693743182	-1.518311321551843954036	3.95973362258872246657796
16.83	4.6948495040444231018291	-1.079523054266916807282	3.82564629766611978093107
16.86	4.9094985564466581184446	-0.627103389322089993496	3.66382867327931341812113
16.89	5.08190967071922576241998	-0.166255190052110176135	3.47562211119995454512458
16.92	5.2104213425759614160601	0.298242043255835782829	3.26266513464427611727436
16.95	5.2938446218355409250455	0.762142986182675067502	3.02687827175337112624416
16.98	5.3313506468468653620571	1.221289002999504229077	2.77042968007425468352882
17.01	5.3226150347019140837607	1.671158277669557454201	2.49569214099202698134273
17.04	5.2680164727191356005997	2.1068670950964927496	2.20520530823783499316658
17.07	5.16864924652136032028	2.523592063075106040434	1.90164698363286080742437
17.1	5.026138202533148655699	2.917015090259624041795	1.58780533413190554115239
17.13	4.842455413791630066007	3.28345169874065110037	1.26654239560630005591786
17.16	4.619906116433615969527	3.619674149927072568866	0.94074822077995565942926
17.19	4.361242153742236513669	3.92270419562980184314	0.61329423571790313525601
17.22	4.069721553961321556516	4.189802301252810365942	0.28699452268208045253587
17.25	3.749004373537101448403	4.418634697330855145568	-0.03542400270898950694436
17.28	3.402955819141819949004	4.607433088206197114127	-0.35134820988935244224829
17.31	3.035511496887867423227	4.755013734293041493086	-0.65830691430117325613457
17.34	2.650669207970980161761	4.860687635790290360507	-0.95399915291449504858276
17.37	2.252527689089938093116	4.92418007315743873649	-1.23631721750750162368099
17.4	1.845258830709245616372	4.9456207917862209781716	-1.50336133793577109892514
17.43	1.432997876765848847126	4.9255645189538789444607	-1.75344802598944340135962
17.46	1.019738069095993535914	4.8649760188877810299097	-1.98511613796750623920799
17.49	0.609304725474772088659	4.7651717024526595349006	-2.19713198543393510494441
17.52	0.205384327334592034171	4.6277617045001045740302	-2.38849117608541682707462
17.55	-0.188476650571008596516	4.4546200606552419849984	-2.55841469958405920295171
17.58	-0.568938292339178060023	4.2478609757144701015683	-2.70633997785768615012041
17.61	-0.932937492296430748802	4.0097903688289091298175	-2.83191016252914796081389
17.64	-1.277676891491742270281	3.7428470277081538735063	-2.934963971178162870957
17.67	-1.600530089744205215264	3.4495835837857288115298	-3.01552527863533034887093
17.7	-1.898956249748831093487	3.1327092183239064104115	-3.07379030434003372204111
17.73	-2.170515899297677936761	2.7951514041259172620757	-3.11011205150626300517524
17.76	-2.4129820065609340264601	2.4400729753758129437516	-3.12498423974116934932966
17.79	-2.6244559761394910432476	2.0708348687309685567244	-3.11902709696779868773073
17.82	-2.8034191578889370068488	1.690960126551836089163	-3.09297491444185162132148
17.85	-2.9487442718716797909227	1.304143807843653272612	-3.04766327743273694936028
17.88	-3.0597394821986843567432	0.914267783889230003805	-2.984014841180778409974
17.91	-3.1362387364236186617966	0.525322440750942380002	-2.90302527505121382170981
17.94	-3.17865796041666595109805	0.141197249094113899021	-2.80575208185087642329656
17.97	-3.1879304498888540151298	-0.234564389949033572686	-2.69330679616132453190432
18.	-3.1653378624228468383715	-0.598886626615712698024	-2.56684790457706832834494
18.03	-3.1123527335473807287132	-0.949089091150160513429	-2.42757145205615117261668
18.06	-3.0305884163224255597867	-1.282715982742859072413	-2.27669947932135860064215
18.09	-2.9218320407556897549108	-1.597436548995404469437	-2.11546982262939595367627
18.12	-2.7880505590946929711698	-1.891097575521587282676	-1.94513048182933621387924
18.15	-2.63130682698730691741	-2.161846931812068845331	-1.76693769878544110376197
18.18	-2.453649151834597683241	-2.408178797008046413632	-1.58215326982236792004399
18.21	-2.257095752351546884858	-2.628840932427335246486	-1.392037453506574772706878
18.24	-2.043748700804820651786	-2.8226926190087310136003	-1.197838538416175693036782
18.27	-1.815927755641171836944	-2.9886531065193777596395	-1.000783918655611599185697
18.3	-1.576174360126244315465	-3.1257858831877898266497	-0.802076378095002568720488
18.33	-1.327097568535948228984	-3.2334280349514087836946	-0.602894269694948871678218
18.36	-1.07119867721917518032	-3.3112390784921499891055	-0.404390523071287697917392
18.39	-0.810843674813228659609	-3.3591390308741585543596	-0.207686799232668008620784
18.42	-0.548407593583478381875	-3.3772215376589475081961	-0.013864215416680796387356
18.45	-0.286435992373429027556	-3.3657413014052504595972	0.176044346462983132725283
18.48	-0.027642577912727047668	-3.32518081064774619627592	0.361056856563008696654792
18.51	0.225278662696268928556	-3.25631075665320592336538	0.54024111633057087429737
18.54	0.469863206102347204733	-3.1601722771672236034727	0.712714750989050209343312
18.57	0.703922670652718789322	-3.0380056513188859774828	0.877649197869975653538983
18.6	0.925408306837892192	-2.8912133593857697434063	1.034276090055632227577505
18.63	1.132252985889086669473	-2.7214011837849117653662	1.181891792984651444801071
18.66	1.322368069180600205649	-2.5304415875003342039742	1.319857745249399157574693
18.69	1.4938098861919204188388	-2.3204666657981381935315	1.447598431309913349333716
18.72	1.6449633762629526184155	-2.0937714091699383731293	1.564600762417675307578394
18.75	1.7745871132561728426592	-1.8527112675250740264473	1.670416443693132659685256
18.78	1.8817167987348677388084	-1.5996895302330967891105	1.764665154131522945760215
18.81	1.9655647742160850572997	-1.3372282008950928097359	1.84703522454909111656792
18.84	2.0255363133352006995359	-1.0680105932483323058364	1.917281154936353075713862
18.87	2.0613390270413480447236	-0.7947970715790368250428	1.975220737157442880723253
18.9	2.0730531835061997411602	-0.5202439315985983084449	2.020734833819915697227196
18.93	2.0610738150440860468162	-0.2467660735541453170958	2.053769527170623803845335
18.96	2.02597423677172784986043	0.023446131678729262289	2.074336966525642850754724
18.99	1.9684164456118525028018	0.2882921405378810612079	2.082511677283805190426787
19.02	1.8891656267008904773726	0.5456568162094717610668	2.078423309995696773577348
19.05	1.7891377575403165011651	0.7934428341837080550388	2.062250679684986541399898
19.08	1.6693728065100000643069	1.0296939746398505163849	2.034221398123581256228985
19.11	1.530927617885158900862	1.2526608746116575466254	1.994616641058118916879976
19.14	1.3748066975336010405725	1.4607175405544984714186	1.943776064521753444231168
19.17	1.2020464154685900492216	1.65219393915627801871	1.882097927174982335314552
19.2	1.0139258904253294072088	1.8252844069980227470515	1.810034016122498915612413
19.23	0.8121397790135810883791	1.978127681645259105515	1.728083595678227266364738
19.26	0.5987843041094621225838	2.1089986642743233274853	1.636790905013753284545058
19.29	0.3761740952180494468065	2.2164618373176913311274	1.536746629354467771179016
19.32	0.1466613801132916672697	2.29939677865186070394433	1.428589447399366602077678
19.35	-0.087386477945020725056	2.35694378274657130784375	1.313003460996612461549582
19.38	-0.3234658617527868724522	2.3884836362567548208709	1.19071119048298759625028
19.41	-0.5588383857879639541563	2.3936986579742986868734	1.062465915655055785464808
19.44	-0.7905989615818380142519	2.3726482424151522976357	0.929047422651179158983476
19.47	-1.0158837683933517393265	2.3257640984197977779945	0.79126152728814178139729
19.5	-1.2320496346312944188901	2.2537596539810604171166	0.649939823735959468752531
19.53	-1.4366875423239558796875	2.1575499675559545830946	0.5059357804246519226324
19.56	-1.6275000125680574094309	2.0382713405992300479481	0.360116749483553157075496
19.59	-1.8022009163724257772875	1.8973759000080956194671	0.213355183507926563142446
19.62	-1.9585598737809904644187	1.7366816967862400804179	0.066522769678112959454303
19.65	-2.0945589397051266724983	1.5582932716529836203829	-0.079511916348830284237817
19.68	-2.2085203980531846187847	1.364441300841164014637	-0.22388507773013338758735
19.71	-2.2991066464531132409772	1.157380323186399268434	-0.365741995109659603254072
19.74	-2.3652288511970939044595	0.939428614393448955917	-0.504244526377439981023903
19.77	-2.4059826621438067168834	0.713086961164702803459	-0.638579279600086606162044
19.8	-2.4206798051618038697806	0.481087820029510731147	-0.767963445722194380574127
19.83	-2.4089303863071013852545	0.246294441861475769247	-0.891647628039400931917316
19.86	-2.370679798643160236858291	0.011521874941164506977	-1.008917687695034316281011
19.89	-2.3061640460121862382687	-0.220568954197107736144	-1.119098059340101929057344
19.92	-2.2158408378855166564706	-0.44742696036662302696	-1.221557014349151504346443
19.95	-2.1003737541562474764336	-0.666487116717149083738	-1.315712129156476450820308
19.98	-1.9606772961135791637676	-0.8751068925124500195744	-1.401033913682619314718547
20.01	-1.7979582715336913422815	-1.0706281424046403141878	-1.477047225109501922349763
20.04	-1.6136995112924005087345	-1.2504976070196583705128	-1.543331869807371489302937
20.07	-1.4096123325436804958084	-1.4123299149803280184552	-1.59952394787411812080856
20.1	-1.1876376824015990557074	-1.5538764169621290316513	-1.6453181155470267929337745
20.13	-0.950033439702307109438	-1.6729794560325260078126	-1.6804696356705223005252335
20.16	-0.6994865725855074622679	-1.7676190819896809859032	-1.7047951676267627770804378
20.19	-0.4391401982795108111309	-1.8360720829157945928926	-1.7181724312415839200667933
20.22	-0.1724832017392319538213	-1.87709674646076732554634	-1.72053976586287080399518545
20.25	0.0968426237494588397307	-1.89003905583100125594933	-1.7118962797303882402403147
20.28	0.3652136961305399658549	-1.8748328123097973424013	-1.6923022432418105447842122
20.31	0.6291197994832487102391	-1.8319450333561329502049	-1.6618788644149151990457487
20.34	0.885212756355275690116	-1.7623205747855340086162	-1.6208071486547940509985073
20.37	1.1303640421693878817539	-1.6673260748064088931134	-1.569326466827479127712057
20.4	1.3617396403423762296705	-1.5486631653252465707505	-1.507733611632130807423993
20.43	1.5768478380553773984111	-1.4082526186924996134073	-1.436382293808440148368063
20.46	1.7735224222456383650729	-1.2481394754516759702117	-1.355682166863757873166913
20.49	1.9498596133294877573391	-1.0704670677645189909799	-1.26609660934961312001998
20.52	2.1041663930724301700402	-0.8775098950183123420435	-1.168139551064793101060487
20.55	2.2349585453981235239242	-0.671704292500796239548	-1.062372433925589104658165
20.58	2.3409944832119563086877	-0.455628213851330678434	-0.949401988978092696261781
20.61	2.4213039483185992675817	-0.231941944951643285478	-0.82987826342636235141227
20.64	2.47519173555760181728357	-0.003341679980984467748	-0.704491621395074480842396
20.67	2.5022321501748816712307	0.227444833602879867205	-0.573968142089230156421517
20.7	2.5022759551587021897469	0.457645808679908545078	-0.439064280781717342416531
20.73	2.4754669206252211662384	0.684461613632410502595	-0.30056227078936483564664
20.76	2.4222475870994249604446	0.905119077051789314569	-0.159266767778758387380185
20.79	2.343348032873158832537	1.116927215515028577645	-0.016001652034327177511286
20.82	2.2397758338168832059511	1.3172991480594898653439	0.128394533451358198552163
20.85	2.1128220270568909433456	1.5037519301758314106932	0.273074714371215200668366
20.88	1.9640664150510551384634	1.6739285328334466284672	0.41718945856610885815662
20.91	1.7953497445886322248591	1.8256601442832247392216	0.559891465796942915980892
20.94	1.6087120187242429110412	1.9570315841832083528024	0.700338388999477750034259
20.97	1.4063449868442507257532	2.0663985944521701139213	0.837695912778373479566377
21.	1.1906061900905556141352	2.1523579803830038567163	0.971142914133853958212867
21.03	0.9640727505783005758094	2.2137316005400900088132	1.099878254591242491622718
21.06	0.7295445402762196003357	2.2496157739283879673669	1.223126599441331146075471
21.09	0.4899299018272808519938	2.2594691850944241743318	1.340141120132254342607982
21.12	0.2480641337835634049202	2.2431545515779103753266	1.450203918453620147562141
21.15	0.0066052435367321339166	2.200890885822258637862284	1.552627571495015265363472
21.18	-0.2318990227530425748137	2.1331785458951986062367	1.646760387406750887420655
21.21	-0.4648554799604492202968	2.0408024937177418143762	1.731994081718243638933834
21.24	-0.6895948592685477118154	1.9249248339453856124024	1.80776934301825186274186
21.27	-0.9036028830507632298711	1.7871263607045665989386	1.873575792570181040704533
21.3	-1.1048952431828695621377	1.6292262442162957678308	1.928947835415679905807625
21.33	-1.2922181577877295912449	1.4528850288431971310586	1.973462340976942001886827
21.36	-1.4648298976242365799535	1.2592451734590997105286	2.00674336654909107935239
21.39	-1.6219427938486439996324	1.0489345494655694708952	2.028473199685574314810014
21.42	-1.7622096090347538602374	0.822534456975474655929	2.038402918050784204292668
21.45	-1.8836450079398540195949	0.5812459956127113477247	2.036355155879338278340938
21.48	-1.9840472266473968587167	0.3272850299403124175845	2.022217699425508281376292
21.51	-2.06158865656413634004665	0.0637044424140565062278	1.995933820181839503875459
21.54	-2.1151308747771384475026	-0.2062199207950718997156	1.957497404158975829188849
21.57	-2.1440980569501515455349	-0.4795672632015850607969	1.906956123565323645555895
21.6	-2.1481399840641393694872	-0.753909387754524931251	1.844418694761255631868911
21.63	-2.1269520423418288270743	-1.0270009927494102778664	1.770059289624361695977905
21.66	-2.0803988455334375364084	-1.2963734976791334800972	1.684115811994606496222838
21.69	-2.0087633804656370356862	-1.5592013694416335759013	1.586885062271341657215214
21.72	-1.9128345877492187111838	-1.8125172628117918243685	1.478720518393221138604681
21.75	-1.7937351232693357286182	-2.0535434958527228693003	1.360035148124433132072306
21.78	-1.6526651932762367008574	-2.2798542296411787132457	1.231306001874578328182289
21.81	-1.4908154524291723545626	-2.489289415123276124865	1.093075193460876574469771
21.84	-1.3095167120185821309793	-2.6797756910472163155681	0.945945373957714982751045
21.87	-1.110451053423270935507	-2.8492543356529397146198	0.790573253739161463059001
21.9	-0.895695739776620023834	-2.9957689262105554131752	0.627666506982329146238671
21.93	-0.667548507092153177234	-3.1176017697799462056689	0.457985704122282591244629
21.96	-0.428299165479773285636	-3.2133277023376705704806	0.282347563295885396128045
21.99	-0.180151326077196853784	-3.28176682853331378303677	0.101624233878024340801478
22.02	0.074664733136193415723	-3.32192319504186377390501	-0.083262951896417879635172
22.05	0.333733954839483165286	-3.3329881929254114857834	-0.271351651479727652984498
22.08	0.594425315742246006219	-3.3143972002975372110826	-0.461643573791772623091829
22.11	0.854017555858476205763	-3.2658677426024202299045	-0.653104968465342386283966
22.14	1.109859512603084884054	-3.1873786297133059838768	-0.844665860113512167528968
22.17	1.359429569619088178081	-3.0791236353418272709059	-1.035222532488042277566975
22.2	1.600277449497096784959	-2.9414995838619787635352	-1.223644438349956281308813
22.23	1.829945716467922787482	-2.7751417078874956401904	-1.4087825112807823530312
22.26	2.045966890418558810801	-2.580960712907972190193	-1.5894750193108116990715
22.29	2.245937574220968722281	-2.360135559127616385873	-1.76455012954924086016355
22.32	2.427595935907398196466	-2.114069710333728069663	-1.93282781846866160068635
22.35	2.5888453997515293791097	-1.844359385608022458046	-2.09312415071084710659079
22.38	2.7277386613600578978221	-1.552802529500502104022	-2.24425827559867268420342
22.41	2.8424743674504086047625	-1.241423971653322537698	-2.38505992103961666905862
22.44	2.9314295670634729116638	-0.912471526295168091587	-2.51437536513013138820744
22.47	2.9932023135543529715265	-0.568373311189458153545	-2.6310722303927008569361
22.5	3.0266319748764384428427	-0.21169234754882530445	-2.73404511095705227606815
22.53	3.03079944988251854751132	0.154887289632654993723	-2.82222327251272018464847
22.56	3.0050321070417027269757	0.528555266016594698712	-2.89457967016502184047364
22.59	2.948917506920386224118	0.90639399539266480217	-2.95013979802410164301531
22.62	2.862299065978210290692	1.285436273761940196349	-2.98799015874191913720837
22.65	2.745237964549504620065	1.662718909307672190609	-3.00728764466658707236897
22.68	2.5979746228423354923686	2.035277280893370923534	-3.00727086150126961237509
22.71	2.4209451835982626947401	2.4000828792828884382099	-2.98727270893970278979855
22.74	2.214859484151035966789	2.7539926147939762875568	-2.94673259889696067363938
22.77	1.980771220321701867991	3.0937755072241231383887	-2.88520785367877102155733
22.8	1.720062003787763025886	3.4162054378704398456624	-2.80238565472664853176861
22.83	1.434349072659964024639	3.7181413088294679747328	-2.69809686550295997077783
22.86	1.125424406729519644057	3.9965363393780696725916	-2.57233075833333824170922
22.89	0.795320573827380459723	4.2484058057433310840823	-2.4252477888459887073228
22.92	0.446464845015860933637	4.4708362245607073840406	-2.25718874991159318568164
22.95	0.08176204707990801002	4.66107270908139344082729	-2.06868202950106731059755
22.98	-0.295515259817596936191	4.8166256470882718236703	-1.86045229784940944746418
23.01	-0.681965256056654706788	4.935308492400951786822	-1.63343116446923444163679
23.04	-1.07421164196952115985	5.0151995824000508631745	-1.38876560581623187947053
23.07	-1.468824176469885795681	5.0546218896576282652557	-1.12781873055287091952214
23.1	-1.862089503121287367639	5.0522274716550910706535	-0.85216207024472264436794
23.13	-2.249891253875465653623	5.007148643608056837419	-0.56356481401741361491885
23.16	-2.627876129563759917161	4.919073384880554344273	-0.26398626256842844963746
23.19	-2.991804895404482364623	4.788156167897210392351	0.04442867924175967011004
23.22	-3.337792178752428099791	4.614854894503488674909	0.35935870894233786900607
23.25	-3.662238794130636506297	4.399894528081793906015	0.67832796958820573136555
23.28	-3.961567607805215487669	4.14444881632961937436	0.99873993010577901395529
23.31	-4.232077466794696584793	3.850388749987891385963	1.31791361033141347292647
23.34	-4.470113685911626579221	3.520328153542704201227	1.63311254603883835120564
23.37	-4.672430642043994705641	3.157362148617921108289	1.94156684467395064899145
23.4	-4.836426322761814778868	2.76470663375501707103	2.24049854451821916564002
23.43	-4.9600648783546791123968	2.345582003732472951827	2.52715964305393510541243
23.46	-5.0416251263650514979787	1.903466662835039260421	2.79888079450504262101216
23.49	-5.0795790069176927413451	1.442464959978392030434	3.05311822953826669961417
23.52	-5.0727415307928092655392	0.967378666548019949016	3.28748788807247842771729
23.55	-5.0205237990443883494845	0.483330510724069770184	3.49978782563623035065966
23.58	-4.9230066907181609053087	-0.004766591520707374444	3.6880201481233924263138
23.61	-4.7807644701636121363152	-0.492415186304664503213	3.85042137167782507935652
23.64	-4.5946687720311572182989	-0.975221165801717248116	3.98549775634836241909235
23.67	-4.3659495706436506249317	-1.448373348085797348463	4.09205302959402087979131
23.7	-4.0965101445699918254634	-1.906452683968999615121	4.16919981491232061726499
23.73	-3.789178826312350953155	-2.343827667655007404194	4.2163589346329167646048
23.76	-3.447585534229007491329	-2.755361305387621583936	4.23325892605776991613069
23.79	-3.075704114165003014638	-3.136883876750395890591	4.2199429549418703695175
23.82	-2.677442820365601491703	-3.485126230528558740417	4.17677735668833400342226
23.85	-2.256625213732579865515	-3.797301726991086316543	4.10444899864274735376302
23.88	-1.817316110475397439583	-4.0707854403976747445828	4.00394485380616938673832
23.91	-1.364114071500031623612	-4.3031562448126198442372	3.87651999168736473501991
23.94	-0.902087722676774180961	-4.4924819413412564379269	3.72366643639028311743776
23.97	-0.436400464965462221598	-4.6375381198747910393874	3.54708928217658884524562
24.	0.028041985763086404778	-4.73779866674331196403329	3.34868541962500928639195
24.03	0.486657349726066673145	-4.7932998429139158583603	3.13051616031668121490182
24.06	0.935026070144940004968	-4.8045643602082371719277	2.89477161750736272385439
24.09	1.368785719302185456601	-4.7726282255271387486447	2.64373387199647768581287
24.12	1.783762652208982965772	-4.6990509524551678270369	2.37974731122264394154712
24.15	2.176236094399271693393	-4.5858077090408421608085	2.1051967303587507690337
24.18	2.543074132889495209243	-4.4351238880335014954453	1.82248568376893013526971
24.21	2.881614835619743118829	-4.249407709126412250851	1.53400821373500799733957
24.24	3.189432015303361299896	-4.031337768311444275811	1.24211576722639525421787
24.27	3.464236900454824329245	-3.783978279378495881398	0.94908834203357262651515
24.3	3.704014715154787966261	-3.510742264752935405648	0.65711681888375484292583
24.33	3.907250180621950148453	-3.215176508240465364934	0.36829423189829004683385
24.36	4.073015205180438906066	-2.900741819400569863854	0.08460709925648769221536
24.39	4.200845466791707383654	-2.570785235346409310891	-0.19207936584776347559673
24.42	4.2905447023706490950641	-2.228710050143765267751	-0.46003946268084039137919
24.45	4.3421070363209074727468	-1.878142009947739554592	-0.71770022219004991051516
24.48	4.3558038908957982516846	-1.522886984011333901517	-0.96364431468950064822473
24.51	4.3323106507243061753821	-1.166685136179470318069	-1.1966055442002504504304
24.54	4.2727274518765313214814	-0.812973995559131400768	-1.4154646303819931302076
24.57	4.1784801202163157897147	-0.464864451519788707245	-1.61924995096266190097407
24.6	4.05121358833773704664057	-0.125320289964801410294	-1.80714087954326883603266
24.63	3.8927786599523747736709	0.20266637832457314446	-1.97846771559754080595994
24.66	3.7052940407216269974247	0.516097245474289121241	-2.13270513185632744244245
24.69	3.4911814302258918328812	0.812179428196581281683	-2.26946177856037406882537
24.72	3.2531116496056457472606	1.08854028776627028528	-2.38847111304805028851854
24.75	2.9939066395624170480002	1.343277273066590145646	-2.48958574123829852649083
24.78	2.7164860998081179379842	1.574853015169046698966	-2.572773187680151436529569
24.81	2.4238790725184607297418	1.781991682167611772463	-2.638109746119881067244268
24.84	2.1192231445734459993864	1.9637034903124585992038	-2.685771664258953160386988
24.87	1.8056638553769941144959	2.1194066958610813154714	-2.716025975252024799177921
24.9	1.4861629517670981457321	2.2490007561088974195189	-2.729223416729269866554494
24.93	1.1633270685168173496101	2.35278233835633985235	-2.725793344313448259653233
24.96	0.8393699218445012374938	2.4312357240211039269278	-2.70623852151963757436555
24.99	0.5162193806878397894996	2.4848269693766455182334	-2.671128386791484924962684
25.02	0.1956777301161501337744	2.51390482688134271839574	-2.62109175602846421656443
25.05	-0.1204659823078849135134	2.51871053620314228535766	-2.556811016289266696274227
25.08	-0.4303949925983974440115	2.4994329591705624033076	-2.479018451461854624252498
25.11	-0.732245452954862731707	2.4562648028690097948748	-2.388493145940163128029254
25.14	-1.0240639428514606923022	2.3894695174143459611037	-2.28605651814388379441904
25.17	-1.3037612859050230241138	2.2994794250206635994563	-2.172566367888118506719801
25.2	-1.5691222487336912140817	2.1870027845636449257341	-2.048911226421148291598408
25.23	-1.8178971476210859530146	2.0530825803019331237089	-1.916006578534180856611406
25.26	-2.047931362759660408999	1.8990759716343727149316	-1.774792464079426173268148
25.29	-2.2572598107304536128136	1.726587603120553043391	-1.626230460065075761621383
25.32	-2.4441344360490418654346	1.537420224318795585206	-1.471298832493232123883968
25.35	-2.6070152748846314333751	1.333568456822597975081	-1.31098681155359396012291
25.38	-2.7445737825490533586881	1.117221887659480536328	-1.146289968246440260499539
25.41	-2.8557215698194737388046	0.890732386917599301573	-0.978207338684432565235081
25.44	-2.9396386283108148076999	0.656548043575876270087	-0.80773877128283143673548
25.47	-2.9957775198293456096241	0.417160808642703918014	-0.635880518593480606614139
25.5	-3.02385216980141203774122	0.17509887273754082861	-0.463619013935022030169582
25.53	-3.02383500060694948344975	-0.067063814167643185683	-0.291924962705152975326136
25.56	-2.9959651821310210975603	-0.30673507567390804277	-0.12174977179925901149056
25.59	-2.9407461374293516770966	-0.541378589435895205824	0.045976152090668652963384
25.62	-2.8589206510134079252873	-0.768577783177351723352	0.210345917423832825496889
25.65	-2.7514464478858278545217	-0.986029897031482056535	0.370481512291795993775341
25.68	-2.6195033666816923115622	-1.191486701349894844472	0.52554099009429147062643
25.71	-2.4645221796883632487315	-1.382730349052073544895	0.674724162946650545295037
25.74	-2.2881800494030275900033	-1.5576482166111466950955	0.817274588173846836267421
25.77	-2.0923257256056389967627	-1.7143611103033757330526	0.952479207379327383282925
25.8	-1.8788790209748202813	-1.8512829221596040262463	1.079669370003374772005813
25.83	-1.6498053493502403046519	-1.967044272349458605028	1.198225503976238407038492
25.86	-1.4072116213405592659309	-2.0603549083465754969535	1.307583695720015061679124
25.89	-1.1534750366793527599184	-2.1299566548867798831408	1.407240008131336823072847
25.92	-0.8912432782171474415178	-2.1747310745072619065705	1.496750175321042112945132
25.95	-0.6232445253793968938537	-2.1938523859046491342497	1.575726699600233134607664
25.98	-0.3520566421872030214334	-2.186809926569272737909	1.643837848482306914846587
26.01	-0.0800951138389324298859	-2.15326493173322651992885	1.700810868441205993572591
26.04	0.1900690030853938417932	-2.09292664476838417725494	1.746436894363716074325746
26.07	0.4552705656695517729479	-2.0056881134205313344951	1.780572474598100721828398
26.1	0.7116031901987944943968	-1.8920436343196485841454	1.803135279511950476289142
26.13	0.9548243135840761941143	-1.7534893337256311854387	1.814097184215230988950477
26.16	1.1811405181081618659249	-1.5925137968237750389955	1.813481059539663299357566
26.19	1.3878559246773902397217	-1.4120752048866393931853	1.801364877989150273568996
26.22	1.5734445279263581229661	-1.2149051929611747241216	1.777890291614991668332824
26.25	1.7370562844213689540258	-1.0031518738428973960003	1.743268528493981285262963
26.28	1.8778844560266622051286	-0.7785983527853472312243	1.697778364939211898123342
26.31	1.9948591906326427609713	-0.5432208172716715155204	1.641757451339437410841826
26.34	2.0868017321836740540871	-0.299598409314131848356	1.575593550956924613613637
26.37	2.15279146994671358662852	-0.05085509436426597519	1.499721641115269057750938
26.4	2.19238872152074140251478	0.199768618783143320123	1.414627114621705573024079
26.43	2.2055729117129351632087	0.44932520005790698547	1.320849837724301037544675
26.46	2.1925501502103709489681	0.695237361831459327706	1.218983394183539963457919
26.49	2.153669336487372787532	0.9350625616548543008157	1.109668437257858709853434
26.52	2.0895202077113237610449	1.1662280661411808515561	0.993584131974132833990461
26.55	2.0010769503688679086406	1.3859935125441748311813	0.871442608521624414401301
26.58	1.8897136171281553766233	1.5916506864516452340998	0.743987733921917789003079
26.61	1.7570685763230650409908	1.7807592411257485563179	0.611995115167310083237736
26.64	1.6048979019259509674869	1.9512265817667378033313	0.476269195256132083309113
26.67	1.4350597962097185271171	2.1012209241371761004111	0.33763621813975210493387
26.7	1.2496240179523167915665	2.2290589505409198841032	0.196935599598530200759086
26.73	1.0509679606823649533614	2.3331978944142456799444	0.055013265620474912195743
26.76	0.841739926555490523201	2.4123313482051892058687	-0.087281834077235032615119
26.79	0.624708966879918098863	2.4654880801086113853816	-0.229099966890949961313693
26.82	0.402628648572091919652	2.4920537092138125119261	-0.369594426586924401721035
26.85	0.178213424081323466597	2.4917288857385053544898	-0.50792780507735589124002
26.88	-0.045796099664932868426	2.46449384407625477878709	-0.643279072582912684773163
26.91	-0.266585933935166620246	2.4106193260639738803584	-0.774849144703537925506089
26.94	-0.481313143292064383359	2.3306991397064853082941	-0.901864222532170849348148
26.97	-0.687215383730182698683	2.2256572910736765975776	-1.02357822858245702810791
27.	-0.881701615837866386611	2.0967183851886993065039	-1.139276106625943719629154
27.03	-1.0623753117899474976291	1.945371777841529556691	-1.248278404884483820428961
27.06	-1.2270172135836843305802	1.7733578591003411147645	-1.349946001629179439713651
27.09	-1.3735865783945115225234	1.582668125691497861292	-1.443683632509703183073151
27.12	-1.500264230944544920208	1.3755284642635687229274	-1.528942036778262545405366
27.15	-1.6055089387851378870902	1.1543529062351126277142	-1.60521968628442678088151
27.18	-1.6880887167185032988278	0.9216869796864531759561	-1.672065032312120936979214
27.21	-1.7470810717317183152853	0.6801647485138900999112	-1.729079211468393320722492
27.24	-1.7818638111058887851906	0.4324781293717067270541	-1.775918383725674704052245
27.27	-1.7921093458819919640787	0.1813377715595172052351	-1.81229512504350566319904
27.3	-1.77777060848680759844399	-0.0705799297086672073343	-1.837979153008696139888711
27.33	-1.7390460093341382145052	-0.3206735147507009638382	-1.852798093602845903461992
27.36	-1.6763388527930050162461	-0.5664148337835205207562	-1.856638556829898214414342
27.39	-1.5902444251647020030095	-0.8053122446245448797492	-1.849447079036594175770872
27.42	-1.4815749621521603286566	-1.0348841280329461118679	-1.831230389316187439282403
27.45	-1.3513918230200431555384	-1.252680279098242639449	-1.802055069292393678759884
27.48	-1.201007623541613153594	-1.4563397653697029280083	-1.762047215419793865096304
27.51	-1.0319617425869205432396	-1.6436400873962919305219	-1.711392464856214060427894
27.54	-0.8460106529606164765324	-1.8125134967481116472476	-1.650335960699178381221136
27.57	-0.6451565232565135912598	-1.9610547640012883663258	-1.579181482545835160522508
27.6	-0.4316779566918686803099	-2.0875588139991464038999	-1.498289589377378511386804
27.63	-0.2080986500513665418898	-2.1905869619555769575827	-1.408075577860643524857141
27.66	0.0229209989386462209278	-2.269015897471055943067	-1.309008173619487004357539
27.69	0.258701739045551771317	-2.3220331034937319854842	-1.201608815065542574315657
27.72	0.496582939120121794137	-2.3491004827611109479881	-1.086450232185906009896749
27.75	0.733865343940277057451	-2.3499453919435384335167	-0.964153181317189064010712
27.78	0.967746813919115204351	-2.3246037286980455653709	-0.83538177588765163427139
27.81	1.19535623951863291751	-2.273466944126827323645	-0.700839275452675091816995
27.84	1.413894706117556861754	-2.197261696298588906401	-0.561265753400705110612211
27.87	1.6207777590888093076132	-2.0969572383025721509527	-0.417436889586297883410962
27.9	1.8136623279695370863266	-1.9736853048430230242225	-0.270161379729193008306226
27.93	1.9903548123054529778817	-1.8287616981384703793947	-0.120275190494299402434341
27.96	2.148718517704195673783	-1.6637939131956307170949	0.031366242881918378676427
27.99	2.2866993983774819488123	-1.480749037346805187789	0.183894573377628049707999
28.02	2.4024640578110746924143	-1.28187045941052866687	0.336431528765252881118905
28.05	2.4945242033804408063373	-1.069478529443417055538	0.488089611320089261661593
28.08	2.5617363197175436001639	-0.845825785249702413804	0.637974547973425593614439
28.11	2.6031989419974266313847	-0.613146623526888724358	0.785192358995124957516012
28.14	2.6181767054023734219611	-0.373852086001382740436	0.928859505567589491457428
28.17	2.60614253990354738566742	-0.130657022918264471009	1.068111127241324384992378
28.2	2.56688761088975865321217	0.1135307512296017171507	1.202103607741831831010176
28.23	2.5005628056382487488348	0.3559011726773703080391	1.330012903769080321442074
28.26	2.4075902973569433125791	0.5939602043518793691831	1.45103434590409585958134
28.29	2.288542183062503269578	0.8254711673888071943838	1.564388513001471150027297
28.32	2.1441421658316893491551	1.048177517634323780971	1.669331878997621356849098
28.35	1.9754204192515926225982	1.2595910994486649170921	1.765165738521690222558975
28.38	1.7838596474893199495569	1.4570853958995300617957	1.851237711971161427041039
28.41	1.5713246635150079356997	1.6382438390640007152948	1.92693663762370068020232
28.44	1.3397536476718901297342	1.8011540878651069225619	1.991687917054663727822108
28.47	1.0908483851562181033324	1.9443717977385988349202	2.04495627364997051945556
28.5	0.8260671874899523475269	2.0665824080059486067257	2.086256139770975093171674
28.53	0.5469979984274400954134	2.1662786525013044757109	2.11516261939471868403304
28.56	0.25585452931349679112	2.2417697112683533609986	2.131315010624312298833332
28.59	-0.044302003555172712508	2.2915436564730784328207	2.134411238532207613545276
28.62	-0.349817097344820743693	2.3146902680846440924854	2.124199408978980653663209
28.65	-0.657002902573726598054	2.311049358964253783083	2.100474882836299322699155
28.68	-0.96261323358796544233	2.2810088022029222195848	2.063086057273482951565958
28.71	-1.263956868159465603551	2.2251713650815731795789	2.01194457880917075821779
28.74	-1.558686207910686870557	2.1441641730925069563653	1.947032876205064237330678
28.77	-1.8445175870563600990896	2.0386710168516008046437	1.868405718716419562975082
28.8	-2.1191041405531298853327	1.909554024832898261641	1.776188601647510937381743
28.83	-2.380084572814864110378	1.757899506422426962214	1.67057808114366852317579
28.86	-2.6251818755420461075399	1.584959601262592578106	1.55184601626387190821955
28.89	-2.8522399264255061634402	1.392089993805693943622	1.42034494505081240865237
28.92	-3.0591983099994089104536	1.180769363811867585737	1.27651059566668681140261
28.95	-3.2440758162156362644548	0.952669966668358234946	1.12086073596859269445307
28.98	-3.405001325978438838199	0.709680661475435224395	0.95399334117621512764255
29.01	-3.5402613608028149915995	0.453843013283232858143	0.77658722217970554811539
29.04	-3.6483181479934020281473	0.187271131489441567527	0.58940483364503587653194
29.07	-3.72780038192947480585838	-0.087849226082647726832	0.393293982203495181915056
29.1	-3.7775094229461977635942	-0.369181074127354951742	0.189185984011292481823179
29.13	-3.7964610520310084972997	-0.654179891578861677261	-0.021908527144515022223737
29.16	-3.7839276158060114264743	-0.94015362392078593674	-0.23890269620944885690088
29.19	-3.7394334724719823140862	-1.224408999932570168971	-0.46063381519819716808186
29.22	-3.6627111588032409352382	-1.504353428003099441554	-0.68586321827135992335323
29.25	-3.5536819416422353266265	-1.777460287465316570946	-0.91327947228935033606339
29.28	-3.4125059461827978889692	-2.041148703944076712067	-1.14150587528460636995886
29.31	-3.23966372549658319274	-2.29272372657984120338	-1.36910916878037757523025
29.34	-3.035977668601730802543	-2.529463767234781519413	-1.59460552913939340892277
29.37	-2.802530941303113658655	-2.748789012020486852394	-1.81646348535880655323678
29.4	-2.540552379682258260921	-2.948360267820199905548	-2.03310765864623330028623
29.43	-2.251385920324583415169	-3.126031862835192585224	-2.24292745913218052811159
29.46	-1.936584619068164021372	-3.2797333319094761213937	-2.44429067535143816528036
29.49	-1.598034655144305606875	-3.4074200822165857354312	-2.63555767429763101396163
29.52	-1.23796927393867066273	-3.5071464461331846612123	-2.81509223914509531033935
29.55	-0.8588374807562883651	-3.5771756132734443773709	-2.98126961467465250319958
29.58	-0.463148311363237760511	-3.616004806763206490615	-3.13248624430110469564045
29.61	-0.053454262652163869432	-3.62228817826587796487903	-3.26717480298430758621536
29.64	0.367488182583884295398	-3.5947637408344188215017	-3.3838235008357203347115
29.67	0.796516098611337719513	-3.5322934348651414093807	-3.48099529946832501974107
29.7	1.229995399425063386161	-3.4340052524523968699266	-3.55734412395018892914069
29.73	1.663943213694432615062	-3.2994217827443665360391	-3.61162951666038503301166
29.76	2.094216572743471062232	-3.1284909999776370873418	-3.6427334871524623256478
29.79	2.516611319285035692474	-2.921563147899656166475	-3.64968108916925223451934
29.82	2.926841977867506231262	-2.679425353768290830391	-3.63166222630124828880525
29.85	3.3205161719365761432702	-2.403424926262377839485	-3.58805102441598404109596
29.88	3.6932212737606809216498	-2.09557400701061927454	-3.51842200455599485443089
29.91	4.0407113526360451467463	-1.758501267572847352429	-3.42256561311083249728162
29.94	4.359069561996154712509	-1.395249807979725873084	-3.30050527244788034851726
29.97	4.6447477873574997106108	-1.009077553416585528462	-3.15251431089460977962354
30.	4.8945137326207106659534	-0.603421000073662613483	-2.97912843204862533666597