lambda	x	y	z
0.	2.253634630864725095111713	0.0111410998000377842401	2.1009175314720535829591980051
0.03	2.2384822537723879371761	0.3195753362980037068963	2.0932776849095774106002752
0.06	2.1951167262890523254391	0.622547691012274639028	2.0721099942830671364107641
0.09	2.124677551227690590898	0.917695697941328403202	2.037507383984812863079087
0.12	2.0280451902873403973787	1.203101600936351364658	1.9896401075480134564397443
0.15	1.9060454147763259807397	1.476595233419580221443	1.928756642112738254543307
0.18	1.759933115689613692801	1.735479713063343746408	1.855177621455198423561228
0.21	1.591652424415666179494	1.9768286511126157468095	1.769289639736077608353844
0.24	1.403606475446291537511	2.1980164919131023747884	1.671544883958540173091487
0.27	1.198162580362713363242	2.3970088407139898972482	1.562465886299840631572201
0.3	0.977377047936274460942	2.572239930348176955019	1.442648995469122989970028
0.33	0.7431929165141025177	2.722304978992644094265	1.312761085097443986879419
0.36	0.497887302841149069515	2.8458107459681305552478	1.173530483927526749915436
0.39	0.244304516072743425207	2.9414987493731546997539	1.025738517104544448984341
0.42	-0.014364453488326007014	3.00845930144628117790308	0.870216919611504584566823
0.45	-0.275044254404858661765	3.0461963412008067273287	0.707849888530821129450896
0.48	-0.535043930897005203008	3.0545090423387111536516	0.539574273878851292508248
0.51	-0.791911121210773221061	3.0333693625267991742377	0.366372711930157054224273
0.54	-1.043067375923015300763	2.9829584339507647706006	0.189261084656565650243664
0.57	-1.28561733693142012257	2.9038193047884605743386	0.009276941174798885570885
0.6	-1.516524955310739834443	2.796935406686622064073	-0.172525793714018399929061
0.63	-1.732979844602328740787	2.663622203820845183032	-0.355076991702012115284629
0.66	-1.932613125739741476251	2.505333249712747659581	-0.537291678529079275269093
0.69	-2.113404968811379442527	2.323585721906426870313	-0.718077592294078844516238
0.72	-2.273439136193414630606	2.120082886353374068303	-0.896347681887775531281316
0.75	-2.4107820667507431191449	1.896892225039816757273	-1.071031379717227060566822
0.78	-2.5236001852867614173296	1.656469461889302938838	-1.241079744946678872531031
0.81	-2.6103787969485376775043	1.401476179555524117672	-1.405465511592198258145957
0.84	-2.6700300003714025784546	1.134553372021580917714	-1.563183638541997610663523
0.87	-2.7018252816493760398315	0.858255752078021250242	-1.713256758762413232955785
0.9	-2.7052746554504616328036	0.575179351359786388363	-1.854744521068448960072296
0.93	-2.6801011834840396338433	0.288114268283268209571	-1.986751824504158386387895
0.96	-2.62632549023138446980365	0.000034268677012827662	-2.108432181065607649659831
0.99	-2.5443470319489282045599	-0.286093915978782217077	-2.218987240335483496038202
1.02	-2.4349239504520158025962	-0.567523165670187954555	-2.317666801938480513542244
1.05	-2.2990728433262137001368	-0.841799228943377301436	-2.403772334892805857542665
1.08	-2.1379839974451707322761	-1.106686935204529972053	-2.476662949101758091425021
1.11	-1.9529988710253037777362	-1.360074742000952287077	-2.535760352511856143308976
1.14	-1.745601426755081538877	-1.599961485195756776919	-2.5805508023446620856238574
1.17	-1.517359260792022438723	-1.824500715358732588995	-2.6105853651256419283709377
1.2	-1.269833620627432555912	-2.0320015404729358895835	-2.6254812194427078854703556
1.23	-1.004550771162196266324	-2.2208428625853043681734	-2.624925028194925926745262
1.26	-0.723090881794459048417	-2.3893696877745283921108	-2.60867689100369165476409
1.29	-0.427239149292853237444	-2.5358706168363725633116	-2.576573004298674706580093
1.32	-0.119084257241625527372	-2.65865700021813810010615	-2.528527080709384040890429
1.35	0.198992976210246643966	-2.7561759138870280515518	-2.464532238915982554623631
1.38	0.524393137694912856932	-2.8270866452557306083803	-2.384664387364256692635803
1.41	0.854351508492913325977	-2.8702960387903491756137	-2.289086022139174896336572
1.44	1.185950121030864077722	-2.8849892956838680786181	-2.178048589228415404956385
1.47	1.516138473729960381927	-2.870665616601155108686	-2.051893225228445034675257
1.5	1.841804067462705497162	-2.8271463642405723097939	-1.911051746982062623366224
1.53	2.159861728718057319345	-2.754538724427520120478	-1.756049457527066358829231
1.56	2.46729301676444778533	-2.653196988820505685704	-1.58750874518252983685451
1.59	2.761119636187541204026	-2.523739790617075312716	-1.406150703200262277287401
1.62	3.038377552552722839435	-2.367112045932557808977	-1.212793572230246961478092
1.65	3.296165271099226108745	-2.184600446732472917592	-1.008350190403798792571588
1.68	3.5317515510882056771441	-1.977736168496852114797	-0.79382765058820021217202
1.71	3.7426464543944682428194	-1.748149990148017470515	-0.570329171070891093098231
1.74	3.9265702073748673927428	-1.497537151615858954021	-0.339054107791628994011366
1.77	4.0813717654125484193796	-1.227803931395431954703	-0.101292260262466176718179
1.8	4.2050153128328656105528	-0.941260010147112653212	0.14158609614384163534764
1.83	4.2956783434101160153607	-0.640618116422062303804	0.388138244832572365298557
1.86	4.3518668629029411765175	-0.328722641292056524246	0.63685083926721013626975
1.89	4.372420639894875754177789	-0.008226945634585226996	0.886139009754215949840457
1.92	4.3564108083574296226136	0.318446554964494237394	1.13435171959416374416202
1.95	4.3030777890195370328531	0.648775149802714052201	1.37978819746713387538573
1.98	4.2119290712614920531955	0.97974424312768097672	1.620719377162666012633403
2.01	4.0829149510640061396791	1.307835386557821425615	1.855402040531553240378596
2.04	3.916453957199060888521	1.629496845331010035772	2.082080036352108747240994
2.07	3.713204457197687491303	1.941689262768130147337	2.29898139811458217438977
2.1	3.473794776351614477995	2.24195042177150779294	2.504327416809296096897706
2.13	3.198876262943689929123	2.527854407066970188211	2.696360308435441767976187
2.16	2.889601834097948376852	2.7963691793765911727	2.873377703109296470960572
2.19	2.548140480169084311323	3.043796309466778835665	3.033753596369520812854526
2.22	2.177622174777121404087	3.26645247115846648889	3.175937493960363625325499
2.25	1.781310516712766470643	3.461487855262579278964	3.298446215881677025276914
2.28	1.361570859747424128691	3.6270168872087904509414	3.399873500774458022760994
2.31	0.919608465072723258924	3.7613541432715774491652	3.478928526112542135740741
2.34	0.456485145627937847615	3.8620462821775936621897	3.53448741531144742386313
2.37	-0.025125188743100436403	3.92569850480399019675151	3.5656277013196927752761599
2.4	-0.519727313844970920963	3.9489632155191170848572	3.571629248775416723118418
2.43	-1.019359289222274115554	3.9300047239257595502747	3.551954317645445231732057
2.46	-1.515369744609759480985	3.8692591690594706919785	3.506236738513078568474326
2.49	-2.000391439662730200826	3.768905709836614125086	3.434299540271630784053736
2.52	-2.469234847883672877984	3.631594997205539708983	3.336192943262782306122167
2.55	-2.918392969247599702556	3.459524177572462943812	3.212226991492629461382757
2.58	-3.344889733489728975056	3.254448550181472452426	3.06298063677515362949359
2.61	-3.745462529890644372507	3.018297042989143245903	2.889291719799843772772498
2.64	-4.116515973269902363881	2.753624410194358700386	2.692246411510309526458291
2.67	-4.454557986798978777701	2.463484672081424874848	2.473179783641544907735487
2.7	-4.756562688047076984267	2.150971898646728038613	2.233681258724018059081541
2.73	-5.019987955220520396836	1.818961312494267245422	1.975589651780210253001634
2.76	-5.2425948603109518842109	1.470284005292437812629	1.700970618182384523938463
2.79	-5.4223511895244812266793	1.108084812874092324115	1.412083921884762097757144
2.82	-5.5575192149351927394698	0.735966981000501358673	1.111352868351607557788298
2.85	-5.6468083230171072310962	0.357810781079718832014	0.8013396665919920954357
2.88	-5.6894495707841145518699	-0.022500574909039781247	0.48471960932485971271886
2.91	-5.6851838011367242530385	-0.401179256985234564413	0.164246146088297152872117
2.94	-5.6342483175819074577667	-0.774445961494332840586	-0.157292072634263944069337
2.97	-5.5374019081446057040691	-1.138467088426336265447	-0.477113522991610169953669
3.	-5.3959397734400186542861	-1.489462329299306702744	-0.792479165610988563717637
3.03	-5.211650889884384548678	-1.823896065561495004207	-1.100723023804336049480736
3.06	-4.986752383590196690407	-2.138559974619008953178	-1.39928437501556297841626
3.09	-4.723873011124835854076	-2.430495251367197841247	-1.685743176478467564880159
3.12	-4.42608576086548059877	-2.696906273822160548426	-1.957852869311722342024239
3.15	-4.096897845084690995447	-2.9352315977651710922	-2.213563702360553078976018
3.18	-3.740126524251611680943	-3.143346809033639838972	-2.451036341539724386668628
3.21	-3.359717485933148591137	-3.31970806228733083963	-2.668651928827237160320625
3.24	-2.959646650859456738905	-3.46330256708801588987	-2.865023641092277578553187
3.27	-2.54396638536175268125	-3.573484026001140518621	-3.039007905675580359778934
3.3	-2.116885138949717671614	-3.64988866895223288666	-3.189709080511586454386793
3.33	-1.682703061284545718894	-3.6925165655057167276149	-3.316474568576869382856728
3.36	-1.245561288827717053368	-3.7018558505565262911506	-3.418884060377775049860705
3.39	-0.809169196576736591073	-3.6788645100141863079238	-3.496739059436893588500392
3.42	-0.376726790417717016738	-3.6247730927375725626618	-3.550054598936055958555919
3.45	0.048910312251890931198	-3.5408554738105101533576	-3.579049557359554546254313
3.48	0.464994567104006537681	-3.4283271970253542605428	-3.584131777708139346133341
3.51	0.868787818458909775432	-3.2883747313652391101187	-3.565879185486683739267984
3.54	1.257632125775366316824	-3.1221915483651996715241	-3.525021950373923604288809
3.57	1.629029478587754780974	-2.930949201363295063714	-3.46242866906932976464422
3.6	1.980574232891014696035	-2.71578614330016487736	-3.379094076287868669186447
3.63	2.30977389956408691589	-2.477943054130238528245	-3.27612364196986787666065
3.66	2.613954772546656925518	-2.219028435087553519322	-3.154714392503210471404376
3.69	2.890396336779058666042	-1.941219225150219570002	-3.016136789248876403907758
3.72	3.136625068849496570011	-1.647209214569311732622	-2.861722789928178040240152
3.75	3.3506508096450817021297	-1.339937062776764644478	-2.692859448196724121437107
3.78	3.5309993368773041691187	-1.022335581788809607732	-2.510981872102729630028837
3.81	3.6765980369307564952938	-0.697313377851141038795	-2.317560481240554600168774
3.84	3.7866881659446824160388	-0.367928928040237334088	-2.114084392457349544002046
3.87	3.86085758114366100587692	-0.037507950523262938749	-1.902047952830843978986589
3.9	3.8991217830208964229186	0.290487500122268547932	-1.682945076869162616470907
3.93	3.9019225822941618585153	0.612763030158256094976	-1.458268482939836629018656
3.96	3.8700204717700853427126	0.926401144653946786771	-1.229506267992262824919453
3.99	3.8043911486981435469305	1.228795614994880154605	-0.998131544120180617939732
4.02	3.706233822865263656805	1.517406479580351586774	-0.765588557577229608651313
4.05	3.5770624627350738271074	1.789604669107052313766	-0.533282596187179790757631
4.08	3.4187446912822720018135	2.042770016778519934193	-0.302577070933627631597938
4.11	3.233406724263328939075	2.27454188270891532429	-0.074793869806863858761781
4.14	3.023279455427800954497	2.482977353698027822444	0.148789701857523258953021
4.17	2.790638017569681183146	2.666486817269230176279	0.366949619964550348987367
4.2	2.537888983124123429053	2.823651102285545658601	0.57852514530297012643603
4.23	2.267693217724703469753	2.953126799629003349101	0.782424299820907504845381
4.26	1.982968226587905474905	3.053726341236295857437	0.977623874251178477316842
4.29	1.686745423704149058801	3.124568363096972042209	1.163168600712360008467794
4.32	1.382018051613936349326	3.1651414206291839879271	1.338174182962228171702058
4.35	1.071721561791105872156	3.1752459131055466725875	1.501833597812310546144418
4.38	0.758832638855159725607	3.1549159126842028342307	1.653421634034696094687346
4.41	0.446436459893306207876	3.1044197073179297842848	1.792294127486322318096874
4.44	0.137654991387319390972	3.02432098464812988957214	1.917884061233096635667892
4.47	-0.164497998505666845142	2.9155103196770178837985	2.029700032143939281917698
4.5	-0.457176527440050816068	2.7791769852733737272504	2.127329554022955325060083
4.53	-0.737628979219983776669	2.6167909376596143304991	2.210443540520639646103963
4.56	-1.003138226450203107044	2.4301506426767145211537	2.278796150522011666380657
4.59	-1.251155522213890508587	2.2214181098318519886893	2.332218935869448480908353
4.62	-1.47960015395417865561	1.9929838609923027765634	2.370615093405968141405267
4.65	-1.687052916531500701294	1.7471353681978523339409	2.3939608584797584495487735
4.68	-1.8725839561578392993552	1.485755550352551770337	2.4023144361259263953687719
4.71	-2.0352700476776922731533	1.210371807481180961373	2.395824540049618463482683
4.74	-2.173783933081010341604	0.922639253301745503997	2.3747292587698338487338553
4.77	-2.2864330530507832926132	0.624939646032214468634	2.3393437448828800948668576
4.8	-2.3716463375101343481684	0.320594047609234951634	2.290045107886162483195401
4.83	-2.428499497757703064512945	0.013454486969671429444	2.227265357365683446602193
4.86	-2.4568425690031233483237	-0.292837634370167249687	2.151495701082580363602329
4.89	-2.4569869564658863719587	-0.595346169286578271149	2.063295021046932328539677
4.92	-2.4293194811167712105313	-0.891735371500272158312	1.963291849261127187693423
4.95	-2.3742266457448032003	-1.179744148832612519468	1.852175773736713143799612
4.98	-2.2923501192031891825589	-1.456754034998655212335	1.730684321401721534424327
5.01	-2.184846941040022632076	-1.719818763621563697887	1.599595231406062824089216
5.04	-2.053344226779851585715	-1.966068011456611582988	1.459728231599334674742089
5.07	-1.899623182401968936941	-2.19307881655201235409	1.311950947986941358026563
5.1	-1.725367062035348259888	-2.398904406112754422427	1.157179663014544411666048
5.13	-1.532242168680646571276	-2.581818151621922453291	0.996370761609783417020171
5.16	-1.322224802251275068905	-2.7400854029897834294087	0.830507485081949097396331
5.19	-1.097821523150926664181	-2.8719927786090281556656	0.660590458593158578506541
5.22	-0.861933204700715763076	-2.9760733599065369361288	0.487636007707875834121794
5.25	-0.617475399427347737454	-3.0512840268501463009053	0.312678331725612221626307
5.28	-0.367112164913794774005	-3.0969847489680498516836	0.136767989687188090104814
5.31	-0.113337805119316574189	-3.11280026961251843056595	-0.039036983109194103774934
5.34	0.141214620352169226708	-3.09855014809121251421112	-0.213683921506970305233176
5.37	0.393579246131310579679	-3.054320899187544249746	-0.386135623761722055146265
5.4	0.640588867543375463911	-2.9805757204367609148418	-0.555374262465846856553956
5.43	0.879211776413794936034	-2.8781591059183342860331	-0.720401831106357757120292
5.46	1.106784081282831166641	-2.7481872028203000377236	-0.880242720497976084752599
5.49	1.320957206150934305475	-2.5919532029227690986637	-1.033951214339539361398279
5.52	1.51947313586220076081	-2.4109566070946857531083	-1.180621487469188939812427
5.55	1.700030800332818090288	-2.2070139816936409108175	-1.319395328618266104329347
5.58	1.8603824190350516058601	-1.9823048551005250520384	-1.449465229581719948611103
5.61	1.998554271786747043733	-1.7392699775693127103072	-1.570074794683958527635403
5.64	2.1129800819204112957562	-1.4804397260403556618207	-1.680520256372855604885523
5.67	2.2024540628576407767101	-1.208347925904591308853	-1.780154813239937739606873
5.7	2.2660017336386942385295	-0.925594122828614055557	-1.868394100858138652948791
5.73	2.3028250619475998051255	-0.634957953398173280809	-1.944719894515092268632411
5.76	2.3123663968601404599944	-0.339416344170019790088	-2.0086809985954966463201654
5.79	2.29439817877132532421264	-0.042020905887073872749	-2.0598928869336618120944728
5.82	2.2490333298360612386373	0.254260209437653469039	-2.0980382789824030384321666
5.85	2.1766584272319904694396	0.546601038065911666982	-2.1228691555290000554923768
5.88	2.0778810491026300224265	0.832252623915770293224	-2.1342088575669589658090491
5.91	1.9535540167541224615533	1.108455574929303464477	-2.1319528825003131836193319
5.94	1.8048385897480865148358	1.372442130704436714784	-2.1160685462666099800392274
5.97	1.633220809693553194558	1.621535805973189265673	-2.0865948379318764455608005
6.	1.440452854813409872275	1.8532602475822638212936	-2.04364322968157710525421
6.03	1.228478695748390082535	2.0653781489192637040768	-1.987398716803743403564989
6.06	0.999414156563078330023	2.2558682505276247250069	-1.918119815250677996853145
6.09	0.755577609909149743687	2.4229068695303447405145	-1.836137314933305653415702
6.12	0.499503194262818600066	2.564893410563327209137	-1.741852949896367030157636
6.15	0.233890999970107687424	2.6804955777697237780024	-1.635739058175123751933799
6.18	-0.038473918393675707297	2.76867076772047130828886	-1.518338734548619487262115
6.21	-0.314767263849558016857	2.8286587218628074209002	-1.39026476196595626796556
6.24	-0.592119036611120444731	2.8599764365588349405705	-1.252196325550172632212807
6.27	-0.86760672036071086989	2.8624315426846496818598	-1.104874523143352734477403
6.3	-1.138299326848191404469	2.8361317980171196654499	-0.949098673020939340679716
6.33	-1.401333334202649061697	2.7814668429449427009813	-0.785724041668172141108525
6.36	-1.653952420982789817283	2.6990809930976061159037	-0.615659261758030532462429
6.39	-1.893483200414811403448	2.5898801986254185855759	-0.439861158393072009443704
6.42	-2.117304595238792096538	2.455074463638959489011	-0.259326924137054183051597
6.45	-2.322889960490968577378	2.296191999831324050779	-0.075086317338841012901883
6.48	-2.507919783599636438215	2.115006524191458458496	0.111803435838976010084529
6.51	-2.6703687488800451922096	1.913415350862028408084	0.30026053881578765650332
6.54	-2.8084832286665511423739	1.693389791673054504629	0.489182890206862533177331
6.57	-2.9206841880502630452743	1.457069619746140643561	0.677456503440328687285891
6.6	-3.0055226232737150519265	1.206910266860289809918	0.863966451220965258054542
6.63	-3.0617625127871391419964	0.945690077892885003961	1.047605237661362208361137
6.66	-3.0885161831548133632441	0.676292604522560364814	1.227275286194388458233519
6.69	-3.085283464628333881196	0.401423222352301680575	1.401888221923561916639441
6.72	-3.0518506255728048307178	0.123541571485413640163	1.570367693043674218588401
6.75	-2.9881789374112967732417	-0.154885152306370905065	1.731659563038724269696059
6.78	-2.8944441367818980333583	-0.431043955257454580545	1.884745386921848253379591
6.81	-2.7712100260998515136739	-0.701740794744207463231	2.028650154692737150689781
6.84	-2.6195178498258855532079	-0.963807419829775640497	2.162439447491774613985114
6.87	-2.4407096150460578731888	-1.214635079116875989273	2.285211541307904459434558
6.9	-2.2361033376445370244406	-1.452320876135035729799	2.396096436466386064939298
6.93	-2.006896679917581191757	-1.675230275510397576471	2.49426864935085548915023
6.96	-1.754556983012291107429	-1.881360600813574713664	2.57896730574351441959299
6.99	-1.481480519663723920513	-2.0681682179357618898791	2.649508096744754266753742
7.02	-1.191294226657604546642	-2.2331594553048276893941	2.705276784928007943363818
7.05	-0.888295641165641588804	-2.3748142075066052517138	2.7457099587501216656379992
7.08	-0.576205933931259230192	-2.4930128437655391205344	2.7702812750471628932540474
7.11	-0.257078656819084816438	-2.5885143899834343243041	2.778508283242082514247593
7.14	0.068795350218142474622	-2.6618536643645934839105	2.769978103299334763618259
7.17	0.40186605887344951545	-2.7125087795231604189816	2.744374734760122223381552
7.2	0.741887859662866164728	-2.738927891601600987803	2.701490638486751082866281
7.23	1.087031524946455578032	-2.7392829707016124488986	2.641220146252066559503254
7.26	1.434031722220505140081	-2.7122731454402974787276	2.563547908068138845926404
7.29	1.779058919970346992763	-2.6573727058404174384146	2.468547590923490638793787
7.32	2.118544240556163333221	-2.5745028953412014738	2.356393728262825344313393
7.35	2.449403015619368417646	-2.463627344143201638688	2.227376068902417861707595
7.38	2.768716112827903906877	-2.32474186802585433345	2.081904303307786663969863
7.41	3.073351298047265569305	-2.158244445467190036798	1.920502032672835108408013
7.44	3.359921567608666258695	-1.965263768193613640733	1.743800106584552408257526
7.47	3.625068180046356882428	-1.747590138868438762363	1.55253929249800710816553
7.5	3.8657592514153532812701	-1.507276666029089911309	1.347581414188559734181694
7.53	4.0793573272210974068395	-1.246301236891465547348	1.129918427211973417435071
7.56	4.2634879867176257236139	-0.966583306495962271342	0.900670457424277715706937
7.59	4.4159165619540131865781	-0.670270542330538130277	0.661074503363442632359926
7.62	4.5345672001554232398251	-0.359958669642532598564	0.412473773757022971494865
7.65	4.61763286829877262163968	-0.038620310233227256167	0.156315080218730960267556
7.68	4.6636442063594021393386	0.29066319427032741291	-0.10584832522764327419858
7.71	4.6714481903537226331601	0.624896094674647277472	-0.372357665881250109219135
7.74	4.6401629515361136751408	0.961140096230641580799	-0.641459107519445391176447
7.77	4.5691833910490540082216	1.296365472798952335873	-0.911320609002134092262381
7.8	4.458226788141903752454	1.627382523150977791615	-1.180047334709272745895811
7.83	4.307351978226098013632	1.950924837650808481583	-1.445691855915315715586172
7.86	4.116927611732566405248	2.263775219718252852763	-1.706262803509631393193874
7.89	3.887598819930592327538	2.562799125762976275088	-1.959738063304633234554948
7.92	3.620303601352190790693	2.84488176059334129484	-2.204084000101490479223113
7.95	3.316317676404968445421	3.106876815397313891179	-2.43727652029245597469645
7.98	2.977261778721228539532	3.345636774809616636876	-2.65731955802164730638659
8.01	2.605060270051162778407	3.558071889370379457331	-2.862261424974511630270652
8.04	2.201934112879542134573	3.741143457343424308217	-3.050213151278250073929367
8.07	1.770517458056684924054	3.8917936146295293277993	-3.219371108259107768945537
8.1	1.314072227147198615416	4.0069278194337955551319	-3.368041424313697529733792
8.13	0.83665711485314553877	4.0835522098051631530291	-3.494662005869570899641665
8.16	0.343126409807290803297	4.1190371693405433895292	-3.597821326461778361914865
8.19	-0.161020198032198521423	4.11138522556226752659709	-3.676277161790019671028209
8.22	-0.669808163678041210216	4.0594286596557664335951	-3.7289779646614218212448461
8.25	-1.176911474302578255518	3.9629867401504324764177	-3.7550851469390362479625297
8.28	-1.67581618741874166771	3.823012701534335306547	-3.753991777867789418758509
8.31	-2.160150528701930538478	3.641642114834932265481	-3.725335720137713231204357
8.34	-2.624143798657349103147	3.42199498602948686205	-3.669009891354599624072819
8.37	-3.062977652756272865881	3.167728530453244345062	-3.58517303886958699424078
8.4	-3.47280574554981393215	2.882574554839227367824	-3.474259823796109355325791
8.43	-3.850466228269431470232	2.570149034043381583414	-3.336984746299334263042844
8.46	-4.193151880567116752084	2.234083719758269950651	-3.174336411142616798409265
8.49	-4.498289627639970005274	1.878224009592065458508	-2.987565326231162032792488
8.52	-4.7636389509660740652259	1.506593812358643062574	-2.778171952625624846376193
8.55	-4.9874097694710644541976	1.12311193052085017486	-2.547897098149300868921915
8.58	-5.1682354004571350329961	0.731358051362031212544	-2.298708614666975320020177
8.61	-5.3050470564656429238998	0.334676559550131782819	-2.032776455047259170731138
8.64	-5.39702691359531470084406	-0.063441375571777383385	-1.752435920353566666867434
8.67	-5.4437210520610467541368	-0.459078840889732614831	-1.460148580647171965783235
8.7	-5.4451948999572393546418	-0.84803417140673383883	-1.158470912646174205032566
8.73	-5.4020549305996488946128	-1.226288747853645273765	-0.850030655799159703030049
8.76	-5.3153178593810613969973	-1.59037310161474527922	-0.537500791911788420557127
8.79	-5.186296014741277854134	-1.937301276405421630871	-0.223562275305948775294559
8.82	-5.016653206937526310478	-2.264182765427180917826	0.089141520183471175410927
8.85	-4.808574055731592446686	-2.567946758133975144825	0.398045807304654439204969
8.88	-4.564826014579176991257	-2.845488376621460952544	0.70069097796790371939695
8.91	-4.288581750645559261459	-3.094107967633729387212	0.994737724427789566579303
8.94	-3.983130476441886540236	-3.311823837602125013026	1.277982573522685388059158
8.97	-3.651747528991965930005	-3.497288709335508809864	1.548381389841935046066488
9.	-3.29783490787309221672	-3.649451605966910182333	1.804075962497340639390106
9.03	-2.925148172293405437357	-3.767340343332777261642	2.043412039163355226477229
9.06	-2.537814896398636968668	-3.850170785508682736195	2.264943211060768808717885
9.09	-2.140060177406157876123	-3.897628741266759745865	2.467426716167354021853822
9.12	-1.735866828629801490288	-3.91001313640572201097	2.649821532805996932339637
9.15	-1.328870219569294587706	-3.8881170046896924443491	2.811291916277107053292502
9.18	-0.922533323858212614068	-3.8330120308468950846384	2.951209712038317347084988
9.21	-0.520342041696863598812	-3.7459644713714980642741	3.069147773987956207677318
9.24	-0.125744061154706217877	-3.62850381635234967068624	3.164865405444102858257041
9.27	0.258147241090631436174	-3.4824604489067331952864	3.238294403308279942739193
9.3	0.62877374508485965772	-3.3098371052851096531449	3.289531602112889903092233
9.33	0.984016013274211724609	-3.1126160245624930359266	3.318833628057711209141647
9.36	1.321826853788779385057	-2.8927255000907705538567	3.326604035444425072927788
9.39	1.639983759455869865448	-2.652220955008163365036	3.313369633942793177439074
9.42	1.936227414387874213676	-2.393453398374632116079	3.279755324738492922604353
9.45	2.208657235995453001566	-2.118947188446701963397	3.226471249114044071918518
9.48	2.455976118962157745724	-1.831002290747476053156	3.1543162504947258086421
9.51	2.6773156548130681605133	-1.531383335907374543959	3.064186511730349993978537
9.54	2.8717894020977054459235	-1.221460380563237149929	2.957073175588927375458008
9.57	3.0381878223181629010497	-0.902771810008649129359	2.834043524457752521219187
9.6	3.1750853532734959138796	-0.577563103638089705557	2.696216505411030320170719
9.63	3.2812364678178208399584	-0.248838739930947225327	2.54474889497620026811481
9.66	3.35589108635079854346728	0.080110762036384356486	2.380837773643357695535457
9.69	3.3987938282404136969905	0.406276612972698715335	2.205729007833704749036363
9.72	3.4099792285273988526854	0.72710644424903443493	2.02071605309184063648772
9.75	3.3896570326562206945755	1.040200416475238539718	1.827123590370009371389515
9.78	3.3383245641362707339576	1.342901412517116528318	1.626285656240968999996516
9.81	3.256949244438076646692	1.632222004994352785542	1.419532918283687041289376
9.84	3.14696820553264390058	1.905188623544552935212	1.208194184797628316471424
9.87	3.010057078040258634932	2.159269821224471603148	0.993603268894114470838224
9.9	2.847891837350125133478	2.392498892433274666278	0.77709782805199376760972
9.93	2.662153457392760562556	2.60322753076631347997	0.560005505339236076292873
9.96	2.454767216378326316756	2.789802915485243663726	0.343625214760910059030618
9.99	2.228107244752194473467	2.950496201483878025021	0.129215374164695481067617
10.02	1.984919312134281207932	3.083725006331436448957	-0.082006734758875569081086
10.05	1.728004080740867355764	3.188322076474220674083	-0.288861061093255485273556
10.08	1.459955746384722075085	3.2635941736279046171386	-0.49020617542049429135781
10.11	1.183198299194813043416	3.3091595149797829934834	-0.684949275585631483608797
10.14	0.900257530300088465168	3.3247685192030534422547	-0.872059224888227211714459
10.17	0.613969641138962510362	3.3102882692773454892281	-1.050574572843933974463697
10.2	0.327399162896705767606	3.265827670015959938625	-1.21960397524309285612097
10.23	0.043537339514085759289	3.19183529210354540977479	-1.378323479186725231521814
10.26	-0.234933403337036292294	3.089060478769035772875	-1.525976784621386174562948
10.29	-0.505604416816151394149	2.9584381625282292581095	-1.661880117182244984915052
10.32	-0.766107783704273066209	2.801036220349736880922	-1.785428097572806924668528
10.35	-1.01393962343768566865	2.6181143270631783135727	-1.896096223686743436570114
10.38	-1.246508355216567410777	2.4112055791167469020344	-1.993439266930028296771683
10.41	-1.461335499400103327342	2.1821111722646533043658	-2.077088575089009744328473
10.44	-1.65619901020100063556	1.9328140618700947677887	-2.146751280416998696710436
10.47	-1.8291030532803973712645	1.6654281087921395199604	-2.202211425564124488536275
10.5	-1.9781608377010860678184	1.3822696362300862551728	-2.2433306944645575337403099
10.53	-2.1015664103409543772275	1.085997879166512371888	-2.2700471033564507067673095
10.56	-2.1977268939844621750177	0.779677817376731128894	-2.282372416734601637431973
10.59	-2.2654587738687845192583	0.466679139271515701551	-2.2803902447375653994847594
10.62	-2.30410123602821021973673	0.150473725823670777064	-2.2642555625592572158309068
10.65	-2.31349911409770755904779	-0.165528528330354962366	-2.2341944579715680777156919
10.68	-2.2939265861726775260824	-0.478032647943337714852	-2.190502605503330496347127
10.71	-2.2460337571115559642379	-0.78384980158258695747	-2.133542530130986751089802
10.74	-2.1708196580787717524915	-1.079917427604059913323	-2.06374116369107685718506
10.77	-2.0695826484175614180256	-1.363370309648366156034	-1.981588738546441831900737
10.8	-1.943833805956902120535	-1.631602792693201053243	-1.887638251319179782420198
10.83	-1.795222597633668020152	-1.882263278465147932196	-1.78250375372141010678219
10.86	-1.625526460745980075303	-2.113194679721566202485	-1.666856810399979794692132
10.89	-1.436690793513696037705	-2.3223876736413421741957	-1.541422380424059201125418
10.92	-1.230854842905076372333	-2.5079898653169091279587	-1.40697584412084868926785
10.95	-1.010325590474770314784	-2.6683501988224287726577	-1.264341248618863331676126
10.98	-0.777531244277782460089	-2.8020512772707268127164	-1.114388922193508668060796
11.01	-0.535009015928476951545	-2.9079152651226932982093	-0.958030719246920805363164
11.04	-0.28542798709240824006	-2.9850094833554159201284	-0.796213378965660161369835
11.07	-0.031587367442604011235	-3.0326717194132386718344	-0.629912382061996347586063
11.1	0.223651698678813402429	-3.050536951564684039778	-0.460127979331665408325739
11.13	0.477458608613492126831	-3.0385365712810046433395	-0.287882287251912834129865
11.16	0.727062634154782893758	-2.9968790378141867081823	-0.114214527088799017838153
11.19	0.969696183894122781545	-2.9260546748310933347305	0.059827115864408603423773
11.22	1.20254096342551139283	-2.8268792518616159374114	0.233195110776646943043209
11.25	1.422788278449223909523	-2.7005245602610712358985	0.404849983352513677098352
11.28	1.627809106719465898614	-2.5484699934779235955329	0.573763890760481020365007
11.31	1.815293348652305530605	-2.3723906964156731023383	0.738922856733434939268663
11.34	1.983225176759567374953	-2.1740936416876342408572	0.899331929991026166210089
11.37	2.129728936163549406267	-1.955592118834624838224	1.054024717531339285612644
11.4	2.2529734400205594216399	-1.719256234284186261851	1.202073882657855308209211
11.43	2.3512780942596967107781	-1.467847347529633099791	1.342597369121286157953206
11.46	2.4233462841342361605609	-1.20431301057018721094	1.474758683977629780232165
11.49	2.4683934849201099442804	-0.931465971987938036403	1.59776533788923734913914
11.52	2.4860336738330148033687	-0.651849580766061160748	1.710871579932775114822359
11.55	2.4760556819178556535133	-0.367967572146821476169	1.813387276486616918034251
11.58	2.43836487712517035299752	-0.082688821179459464231	1.904688001243148338768216
11.61	2.3731913797228676902461	0.200619908355084847715	1.984219009212453145391306
11.64	2.2813219714452432229194	0.478514325465684797918	2.051490805649224051238244
11.67	2.1639820716981078319954	0.748213417065134359401	2.106072153717376097428049
11.7	2.0222930719710253342594	1.008030322732897978599	2.1475896180775243291691103
11.73	1.8567156299901097756759	1.257010191699357003145	2.1757372797386082300529645
11.76	1.6670622466846936231782	1.493924386798828524362	2.1902905916159066418002508
11.79	1.453281930520154721104	1.7163569646851106612107	2.1911134917601481669785265
11.82	1.216557319329050674572	1.9206292741211946052596	2.1781528266069871025169533
11.85	0.95988201584499017399	2.102676674752730919039	2.1514247416394472579970747
11.88	0.687605107934533735304	2.259225532905239241572	2.111004338843702169614601
11.91	0.404246572944280253981	2.3884112787825048248783	2.057026472079077100643672
11.94	0.113475657531626949334	2.48952330766795278967277	1.98969532367857344360227
11.97	-0.182050560466552256361	2.5623068896577006622437	1.909292937418764342194163
12.	-0.480057721974337377375	2.6064945099614172781006	1.816178898126879456276838
12.03	-0.777914938710994534347	2.6218548594274365532605	1.710782407654235271292366
12.06	-1.072422685490226961959	2.6085045002682678997445	1.593595091441665567385064
12.09	-1.360197501162951441468	2.5670448676663032166551	1.465171268712668426896968
12.12	-1.638198654123980335189	2.498369639634688636724	1.32613416549927513361745
12.15	-1.90391126179550558338	2.4033820539795984565421	1.177180127585478923334216
12.18	-2.155105500755500925493	2.282947306347037944293	1.019074647609012790947636
12.21	-2.38948899869993060027	2.138128079692213346972	0.852641937469601816614664
12.24	-2.604601210432488801576	1.970441708585197922129	0.678755739685282912845105
12.27	-2.798005747526721080943	1.781863924390092337524	0.498337168518146366729445
12.3	-2.9675529935217749207119	1.574578291078829198546	0.312357755407739256632385
12.33	-3.1114750308830906438682	1.350728124091496287837	0.121840349621276802980626
12.36	-3.2282901630026162955669	1.112404186251869849198	-0.072147470983237740196813
12.39	-3.3166786636100835517416	0.861843072814453097409	-0.268505597869612381767672
12.42	-3.3754735077434934583177	0.60160241035318548133	-0.466112285238884066722461
12.45	-3.4037552269467626462603	0.334526167181960463565	-0.663828841818694329663797
12.48	-3.40093652639134465151039	0.063540708106868123179	-0.860499836430560669491948
12.51	-3.3667643880026586382629	-0.208520407989887187322	-1.054954860524933953257625
12.54	-3.3012756584694580845892	-0.478926518079081054217	-1.24601582465667953418137
12.57	-3.2047827343175837627185	-0.744945671052479470484	-1.432507922354973590119872
12.6	-3.0779087470953225014141	-1.003781207484164174308	-1.61326896685754538329998
12.63	-2.9216237780820404684157	-1.252633912640105668041	-1.787153985928946041609691
12.66	-2.7372378587147302756344	-1.488833930351112772389	-1.953036941411791004250745
12.69	-2.526364280778177854138	-1.709935349733603338329	-2.109813852145035030219856
12.72	-2.290894780545071357795	-1.913740053116210368778	-2.256409311319717653707419
12.75	-2.032990335500561675523	-2.098308353980135033304	-2.391784408933194198876707
12.78	-1.755042005370269898701	-2.2620135009354457473462	-2.514942828900811747982712
12.81	-1.459565658560203261055	-2.4036191875304223459554	-2.624934352926111712214434
12.84	-1.149056436795971685598	-2.5223066877736722856614	-2.720857981544334829353264
12.87	-0.82586912859334423911	-2.6176103726949483352097	-2.801866980338656813459592
12.9	-0.492162704571296830787	-2.6892889735685322616398	-2.867175612645371091371746
12.93	-0.149891956748500155793	-2.73718357070789925376566	-2.9160654099421222543965943
12.96	0.199179412879491715748	-2.7610832900724912189849	-2.9478898089257387609728668
12.99	0.553423455282284601807	-2.7606013433910448847822	-2.962078438228425865667675
13.02	0.91120173552381993631	-2.7350974336665156926245	-2.958143068679936488561285
13.05	1.27063375215941490575	-2.6837180384143887102318	-2.935685287639231631426347
13.08	1.62938472369858360617	-2.6055846217904397277153	-2.89440382948992363328217
13.11	1.984609797453085166692	-2.50004761096513633835	-2.834100036194624955729037
13.14	2.333095457988776391927	-2.366853469989382456384	-2.754682607642204132136751
13.17	2.671488387662162035895	-2.206143273028060748349	-2.656174146758298417217899
13.2	2.99644620890363774145	-2.01836635008084760182	-2.538719891379095780304808
13.23	3.30464662095007380392	-1.804277727695631761453	-2.402595729241371353992519
13.26	3.59274745825774595846	-1.565079825546868201309	-2.248212424630914336884069
13.29	3.8574331549328052372419	-1.302566650574558365198	-2.076116884535689467464325
13.32	4.0955677760850010295267	-1.019064201165991508569	-1.886994929841517005541729
13.35	4.3043352512412337355344	-0.717141933354918628132	-1.681678450646662931409156
13.38	4.4812497005602918093094	-0.399328841365260437545	-1.46115374818824581128262
13.41	4.62406474459469320831413	-0.068111352712635880853	-1.226563989712093807748781
13.44	4.7307280815666971173347	0.273772976483038506966	-0.979202449343084623732996
13.47	4.7994701994411416266638	0.623054232459164719641	-0.720501706162107756091865
13.5	4.8289424790777910915437	0.975998990139338579615	-0.452027942038662831192366
13.53	4.8182385173493945369549	1.328831713018508329234	-0.17548327813906752683369
13.56	4.7667602595615387205601	1.67813562095186325067	0.107291894343430224504748
13.59	4.674093204593646603721	2.020847668081118638091	0.394328462468389469358275
13.62	4.540081359368342777112	2.353858453757604785862	0.683552990627440370793475
13.65	4.365076024914196655779	2.673639901389228859336	0.972816462828744805084337
13.68	4.150098595200385097153	2.976314857576581561749	1.259913223864322954712319
13.71	3.896692504202120756214	3.258139970838768504782	1.542587317357589300471902
13.74	3.606557270454223385608	3.515945815317134317451	1.818538788299694691397946
13.77	3.281334342995573789989	3.747117092811692426592	2.085445472630051253565041
13.8	2.922814526296808995548	3.949166826924932439896	2.341002119753387139899143
13.83	2.533410054478568329513	4.119369645597236348867	2.582961981922236625998645
13.86	2.116413538524244602149	4.254838969548283256332	2.809163972997823970145179
13.89	1.6757258951079288737	4.3529496422091732689112	3.017543893575088438200136
13.92	1.215272017735859050943	4.411645772945541386491	3.206145114579858426759924
13.95	0.738703814560581558151	4.4293311563405491722958	3.373144475923227358969444
13.98	0.249779301477486415786	4.4045422874808061403944	3.516892343106141453721521
14.01	-0.246848741491102455878	4.3358909938133512582146	3.635949635965339202563726
14.04	-0.745169893007605786981	4.2225018285604779568131	3.729106562526787667730045
14.07	-1.238203834293316929657	4.0646205876103279093067	3.795385789306791953151949
14.1	-1.719032302089982031298	3.863832537479056479034	3.8340474916086496560715749
14.13	-2.181709554629142483575	3.622690990805072927965	3.8446092487654154935685177
14.16	-2.621441200023195950531	3.344141430124657319714	3.826874822489145770097071
14.19	-3.03411400404547043926	3.031290959596955388457	3.780952673908097063584444
14.22	-3.415786769097432290915	2.68764816967382611831	3.707251444195378933094902
14.25	-3.762638523895723183698	2.317430709454192989109	3.606458352644621435184503
14.28	-4.071321998946212321613	1.925482206230934616719	3.479517679982043764452686
14.31	-4.3392899515909911551861	1.516791487885494378116	3.327619347299732895214984
14.34	-4.5647895698135934889804	1.096047845219657449037	3.152191376918924785762564
14.37	-4.7466229525135806175346	0.667614335583851249235	2.954883031167653258078094
14.4	-4.8839763495906267094849	0.235837100219364871406	2.73753454243823947480799
14.43	-4.976454258507991297286	-0.194741588556153709269	2.502143115719751962069587
14.46	-5.0241755950013330989964	-0.619559498429147372168	2.250837199723534868396904
14.49	-5.0277379092973577259291	-1.034436354444217013256	1.985859442758967874664309
14.52	-4.9880619135358102663473	-1.43577474137276770086	1.709546853509885472101955
14.55	-4.9063099310503914437231	-1.820346770835042016243	1.424298334001559718353257
14.58	-4.783993731291708625374	-2.184901852744271052559	1.132533352119446991356805
14.61	-4.623144287556455430429	-2.526025566453361677439	0.836655928260000459665609
14.64	-4.426309368734980801214	-2.840416071752326401355	0.539033659264938143402423
14.67	-4.196320772106224464232	-3.125311543398880725499	0.24198692442624200194851
14.7	-3.936042473862996458337	-3.378658417639012880488	-0.052225551025417859809989
14.73	-3.648357772305588159094	-3.598891495452467235048	-0.341432530888227285711628
14.76	-3.336403401804064960936	-3.784589583791290626337	-0.623581014598568279261913
14.79	-3.003778600397387421579	-3.93436690293902265334	-0.896758248215993073564132
14.82	-2.654461052397331029336	-4.047087269491827236396	-1.15919839370450088363016
14.85	-2.292459814895493059541	-4.122156253906290635336	-1.409280433734072924729283
14.88	-1.92151531311511734383	-4.15959976045292735011	-1.645529370416967971471829
14.91	-1.545115840765390271131	-4.159890478147284226416	-1.866625736823446721873393
14.94	-1.166776152341266945901	-4.1237396760219958446103	-2.071417308706160968986955
14.97	-0.790256235968774568557	-4.0520679542210395915026	-2.258923412798643295782572
15.	-0.419463259148109728725	-3.9461450750517002463328	-2.42832898225049102617946
15.03	-0.058100895103870898879	-3.80771075802505823486616	-2.578974331063735744296971
15.06	0.290629272829862286433	-3.6389384206636952603234	-2.710348287746107631573064
15.09	0.624048504704005649475	-3.4422939295755936868788	-2.822086255302992944149375
15.12	0.939814088695455948552	-3.220438657933178973876	-2.913968443131315170661041
15.15	1.235790344237645298651	-2.9762298227735533999704	-2.98591354840767682228514
15.18	1.510145965298284622197	-2.712712951077594392931	-3.037968412619177492714037
15.21	1.761579057987642898272	-2.4329773486311055101418	-3.07029809200923894905976
15.24	1.989418256318727394764	-2.139889859489636880299	-3.083179251274222608441407
15.27	2.1934545040740593599503	-1.835874236860701299724	-3.076995329038847728655469
15.3	2.373597172413410388352	-1.522893591115224418965	-3.0522300159800472026674685
15.33	2.5295798487745004939141	-1.202631278844289906809	-3.009458144733138049077031
15.36	2.6608625173816275793226	-0.876720167319671407754	-2.949336638186473692958275
15.39	2.7667009438359092852406	-0.546880529363803820279	-2.872598342417526724240471
15.42	2.8462628604204359267709	-0.214959528613080130338	-2.780048300736213810184024
15.45	2.89872203740074285549798	0.117036177824489200431	-2.67255933844254199732963
15.48	2.92335359824571725829	0.446860301472631683218	-2.551064921880965634514574
15.51	2.9196657787501523972347	0.771956251678660254301	-2.416550750319144096120555
15.54	2.8875356900005672393738	1.089495103042979484618	-2.270048234661715818666655
15.57	2.8272736403116229650482	1.396538668850817722549	-2.112630906739644469765335
15.6	2.739589040373964750418	1.690229966273330462496	-1.945411409245078973311473
15.63	2.62551632038925056388	1.967896699619297892077	-1.769536075069756805277318
15.66	2.486377666161929867653	2.227049111400032328726	-1.586176993863502090259611
15.69	2.323790632766618910561	2.465351333505402612721	-1.396524466111789122585567
15.72	2.139661694473006300519	2.680642676727266406874	-1.201782247467556498076746
15.75	1.936125861222369500905	2.871001846391456971125	-1.003164470704847164915872
15.78	1.715469695858576109221	3.034790293761250017639	-0.801890736425980658497481
15.81	1.48010475950110427091	3.1706428912005131356447	-0.599177605705053367407396
15.84	1.232593846568334438606	3.2774429024151494503876	-0.396228855589566400469146
15.87	0.975652691973925501553	3.3543314611613417462717	-0.194228627533318092825757
15.9	0.712066638201518967101	3.4007453651063935739911	0.005661335990191733479332
15.93	0.444571690168932444809	3.4164301242846569600515	0.202303824776040555102724
15.96	0.175820163847365244727	3.4014045781695554213072	0.394592226852006141519887
15.99	-0.091524627852709983889	3.35592200552139967862554	0.581460984884180466139475
16.02	-0.354678279322572057425	3.2804837415399153946452	0.761895723843365658409852
16.05	-0.610777440180517129978	3.1758873798383417153646	0.934937805533601883083718
16.08	-0.857096837229435018639	3.0432241894644814663648	1.099683214325037575636738
16.11	-1.091253527198054437476	2.8837837997166069164344	1.255281335556236665680223
16.14	-1.311177433463013496697	2.6989500034786293740906	1.400939240738416765540141
16.17	-1.51484765499303190751	2.490223894335006956502	1.535931087365848739334812
16.2	-1.700058434730788044134	2.2593879560130507070375	1.659606231844526538715383
16.23	-1.864488393220918047289	2.008631592871281076869	1.771390080076559123385638
16.26	-2.0060459226916592753023	1.740428857029484843362	1.870778509571292340653568
16.29	-2.1231455388782543492464	1.457197705616144980407	1.957333037863004622481268
16.32	-2.2145975291576166273219	1.161077758621431819063	2.030683020973472316041493
16.35	-2.2791948310826554710834	0.854186205529780283033	2.090533513816346641521867
16.38	-2.3154700405802763579674	0.539320805565234108759	2.136670638633105597290543
16.41	-2.3220343542425643251615	0.22057393874753092298	2.1689576266744069627507158
16.44	-2.29836923103161993334063	-0.096796459110487053117	2.1873234572522546248121795
16.47	-2.2454091396218171213909	-0.407395018602777363367	2.1917538784316648510872153
16.5	-2.1653143499074167007038	-0.707010813870223788555	2.1822935652346542575805854
16.53	-2.0605166297050950292852	-0.993303788576073074907	2.1590586046623201871578656
16.56	-1.9327788914631986705745	-1.26538694216661641146	2.1222490795711568723205623
16.59	-1.782996026684865693822	-1.522677957246368303767	2.072151097794178589896244
16.62	-1.611814583684478171963	-1.763887957161377303821	2.009126693524340316486886
16.65	-1.42047524581557087586	-1.9867976312415446982623	1.933600266396848447803384
16.68	-1.211158911076651405126	-2.1887902912953057321012	1.846052325778199868980939
16.71	-0.986615432328695396574	-2.3675608583156749809693	1.747023727599550558210661
16.74	-0.749502185224120036015	-2.5214338321377350768637	1.637123720701318662089797
16.77	-0.50206213773684711596	-2.6491989659723868272206	1.517032061398132570407889
16.8	-0.246377864088987290352	-2.7498057111576321323295	1.387491491097933098811105
16.83	0.015126253987983407566	-2.82227322873810695514736	1.249295734757712124353498
16.86	0.279454132290749429	-2.8658564508317193743022	1.103281437024541149416587
16.89	0.543286918532791012537	-2.8802327790085066580863	0.950327550667558016964538
16.92	0.803448811448087667501	-2.8655006158365181139861	0.79135792432552766529065
16.95	1.057162932312269549669	-2.8220269152619137230241	0.627339773318987957978863
16.98	1.301926349680942775845	-2.7503471280017147612656	0.459274861471118795854725
17.01	1.535211576122350889766	-2.6512356761953496592761	0.288187031059803630776295
17.04	1.75432785676213238756	-2.5258529839413988132422	0.115112502208991439346926
17.07	1.956568774103462138404	-2.375784247554797352249	-0.058904143839477667499347
17.1	2.139481983091884558502	-2.202907297662436251082	-0.232811231056472350593915
17.13	2.301013150346347347403	-2.009214496728120271636	-0.405553804883300962876386
17.16	2.439442560911563487185	-1.796756820008221420922	-0.576082270439619994881627
17.19	2.5532419581420234278073	-1.567737937883529220944	-0.74336317843877158044558
17.22	2.64102082860717426244	-1.3246251776177520068	-0.906387596272752865103453
17.25	2.7016005083595741978172	-1.07013534645846004866	-1.064175157049005001211499
17.28	2.7341174337848621577469	-0.80709313782369849621	-1.215775983519622194485505
17.31	2.7380515294653065924013	-0.538288485608932579553	-1.360274081656906953829138
17.34	2.7131763947800734041283	-0.266444393113507019785	-1.49679348087574606581047
17.37	2.659504846706025430083635	0.005718910351014485135	-1.624505143143060410264667
17.4	2.5772816954810378992944	0.275428744974483386013	-1.742631829339593156318604
17.43	2.4670045653044099139574	0.539885597207599261121	-1.850450198180633099573989
17.46	2.3294263935685224681246	0.79633860833811786044	-1.947291904749476310640921
17.49	2.1655328148083276225608	1.042129450779597326426	-2.032545772021298660354383
17.52	1.9765317328179082609093	1.274672443435063255237	-2.105661249572456370444139
17.55	1.76388190310992860628	1.491418474806647090505	-2.166151634383044993282459
17.58	1.5293398750095227130356	1.6898668977088831657178	-2.2135957565006214282752068
17.61	1.274984757188405276685	1.8676346706072479086908	-2.2476384935354118452162437
17.64	1.003211495466272277976	2.0225408407052864113625	-2.2679915115112437833241804
17.67	0.716717229796534503967	2.1526749956020713512437	-2.2744349192863426742585029
17.7	0.418488881591427060524	2.2564605792350738779472	-2.266819096626880629747807
17.73	0.111754434670904941183	2.33272758172354282118293	-2.2450656201946303713201762
17.76	-0.200140126842909685486	2.38076518779742619653268	-2.2091673375427904608923338
17.79	-0.513896821379433794753	2.4003032150520424650657	-2.159188734369118261701047
17.82	-0.826378155527186181815	2.3914221913071624262118	-2.095267316985511292035521
17.85	-1.134599003144353994525	2.3544653115614545892379	-2.017615217706412658523361
17.88	-1.435641166472016566355	2.2900241541751468436165	-1.926519554600435384917446
17.91	-1.726608781538251938278	2.198979376696964170019	-1.822341298339556059973817
17.94	-2.004692994073115648422	2.082500613958318329518	-1.705514198456526173085638
17.97	-2.267287701756477484893	1.941950412753112647602	-1.576545361598005936306321
18.	-2.512034508649587427496	1.778764424953489246777	-1.436016878786376131467955
18.03	-2.736749820453474857756	1.594444051366502724364	-1.284585828555941233985428
18.06	-2.9393202845618427941162	1.390698926057817202168	-1.122980776028811470057638
18.09	-3.1176938729933496376866	1.169601420989975903014	-0.951996256533473750163646
18.12	-3.2699913415439467870976	0.933563200452871653308	-0.772489078919606226043927
18.15	-3.3946288994327794583317	0.685105540071908755955	-0.585378455772853313009702
18.18	-3.4903320489622302783153	0.426623913967225573974	-0.391647213318810939534237
18.21	-3.5560489154002049648328	0.160390145627163100373	-0.192338712984918939221034
18.24	-3.59089061644952305302177	-0.11118904419944092635	0.011452763129728629194417
18.27	-3.5941926019103912065865	-0.385319262979987587065	0.218593944222549055409341
18.3	-3.5656366524023623711823	-0.658866792657703423527	0.427919555488264662090917
18.33	-3.5052810323574702668935	-0.928719251835592604631	0.638231609576063648175663
18.36	-3.4134425961712909964522	-1.192139807075851153276	0.848296656223636599345605
18.39	-3.2905640730917268086094	-1.446772520524491903254	1.056850220177574184202115
18.42	-3.137252740301752982447	-1.690293556312128683861	1.262611630409506717413922
18.45	-2.954498617443213291045	-1.920072109146383011963	1.464301867537200415150748
18.48	-2.743846992864802745022	-2.133217955180328786007	1.660652743094705320857881
18.51	-2.50728759920149576457	-2.327012247564454877991	1.850403251797111664215461
18.54	-2.246898492066570035057	-2.499323694437844120098	2.032291890794181187897322
18.57	-1.964583090918273894527	-2.6486197804694384404586	2.205059075158623221864555
18.6	-1.662213311633558604548	-2.7735988550868280749358	2.36746495526998890397745
18.63	-1.342098666631493163495	-2.8728670312988800893089	2.518312583648328621252241
18.66	-1.007305409718465109154	-2.9450404948233123042797	2.656459750953502286129737
18.69	-0.661380332155595369725	-2.9891918220156019534967	2.780812632270415823862483
18.72	-0.307540798799933239631	-3.0051502969040474444499	2.890312151869820348669282
18.75	0.052060377922641366976	-2.99326000892368831331268	2.983932391209226443881985
18.78	0.416339736036965657541	-2.9537300873164103815275	3.060700344973340321368165
18.81	0.784454323746236595843	-2.8861484876763967214586	3.119726651344730954147368
18.84	1.154719774916859000409	-2.7896320357915268844351	3.16022629062335740619119
18.87	1.524073588494994768332	-2.6635282302637481737318	3.181517098216692003514867
18.9	1.888441387078304591925	-2.508080854657686081776	3.183004019108097695420892
18.93	2.243647379962648517891	-2.324503970791975315982	3.164169383899725232045202
18.96	2.586145626623640939076	-2.114459122304632837861	3.124583013823633701528536
18.99	2.91312185462178018224	-1.87945779288999052698	3.063927910594018023905497
19.02	3.222100601493878494538	-1.620705608867295308043	2.982025317221533712760954
19.05	3.5105278166048207772493	-1.339426394955627161898	2.878847322120764568419902
19.08	3.7756595043776622178177	-1.037271534864131605947	2.754519409530837553355264
19.11	4.0147203566541711881885	-0.71643408932068606567	2.609324140651548132547267
19.14	4.2250896138339379958061	-0.379456121355638238302	2.443712621340678532529866
19.17	4.40436239159343693875819	-0.029016982693255260028	2.2583193626612815561856
19.2	4.5503365848086810094744	0.332070010139034264781	2.053971335821278465420827
19.23	4.6610397886586693767904	0.700719360740842038268	1.83168796067570201950708
19.26	4.7348069300982102320256	1.073529514931365872749	1.592677555435675072493237
19.29	4.7703229934965406563216	1.446935224793720280052	1.338336963273932912610453
19.32	4.7665915519079285007994	1.817405053053101661265	1.070253710866439355735245
19.35	4.722907203578423457425	2.181471307278889344434	0.790203315783829936073668
19.38	4.638925353973127263785	2.535582059750967864462	0.500136452012881275835832
19.41	4.514795611878857076713	2.875989361452064737057	0.202159169998525369988882
19.44	4.351211597953268973206	3.198865378074420560787	-0.101485888971027509796726
19.47	4.149292353572263949784	3.500586711769448701379	-0.408434163162906884029098
19.5	3.910402493385086836671	3.777932058048467930373	-0.716215476884298696941478
19.53	3.636115368615668750835	4.02802474111804151049	-1.022280095908053383133737
19.56	3.328384643230387579368	4.248125973114483499655	-1.32403522801485390553893
19.59	2.989745587171089312437	4.43554136432333155773	-1.618883553911011503839187
19.62	2.623294781191647788309	4.587769725433290506811	-1.904254902451345831591361
19.65	2.232404883213737999572	4.702751844839140381464	-2.177631056012829710635403
19.68	1.820415877359737712841	4.778970314117891696478	-2.436572000651392390789711
19.71	1.390593205126992348889	4.8153198295664160513478	-2.678750392240357757018993
19.74	0.946382349947793205059	4.8109108904726427623468	-2.901991347420401893501678
19.77	0.491684510783562161064	4.7650161410149275414566	-3.104307644114954067695506
19.8	0.030856902469969033016	4.67718163897216150825952	-3.283923610911670552118342
19.83	-0.431563987939817429783	4.5473360120781614865669	-3.439290474559969473933578
19.86	-0.891116256699857095497	4.375764075437891007848	-3.569101113341871758950876
19.89	-1.343361203476577809732	4.1630226720018856438193	-3.672307840707916738496407
19.92	-1.783572207817533596738	3.910001861741955387653	-3.748138694090650313089161
19.95	-2.206507193084865953808	3.618205991795422364344	-3.796105217484686431061963
19.98	-2.606564512719922553683	3.290077672429579308663	-3.8160002651969379621219212
20.01	-2.978283069824704684918	2.929099896418829143225	-3.8078909812425038458027731
20.04	-3.316861705778097496047	2.539599510108343836345	-3.772112195302820301657633
20.07	-3.61841475853831748015	2.126435625320718334453	-3.709259585613755087444252
20.1	-3.8799632663626599392379	1.694800007424008455643	-3.620177681604387597301348
20.13	-4.0993612014230030103633	1.250149880898630333227	-3.505940356768876181414809
20.16	-4.2752906324187074221101	0.798096403316585782106	-3.367827594747416695702368
20.19	-4.4072660571576913068825	0.344122011185437672083	-3.207304374499529842535508
20.22	-4.49552212386345789864497	-0.106765843307889515262	-3.026002884654935152960158
20.25	-4.5407857974877013044497	-0.550200189041353435456	-2.82570348467605173642093
20.28	-4.5440769266005733009952	-0.982325236709446231746	-2.608309907211855138065263
20.31	-4.5066581307978204097362	-1.399521884270876775355	-2.375820185327070878115437
20.34	-4.430096204462164102323	-1.798253612503604950516	-2.130299633954214996592069
20.37	-4.316293054567262520779	-2.175150349763293025692	-1.873860121761587973695139
20.4	-4.167410883842925924905	-2.527202214850006705375	-1.608643194746265976034949
20.43	-3.98576360892590326985	-2.851848833703891913326	-1.33680111185050530813332
20.46	-3.773793215416481905942	-3.146892420745100829646	-1.060473542105399151680596
20.49	-3.534143940330214355226	-3.410357372062004029783	-0.781764108263642881247635
20.52	-3.269724527006873493362	-3.640454926308641865995	-0.502722507296786362668225
20.55	-2.983662412654294920395	-3.835673236920187274302	-0.225332799159238312077586
20.58	-2.679186256004630714221	-3.994876150896088818161	0.048497196900034554731148
20.61	-2.359558760569152196222	-4.117308968483396239626	0.31694981573651196884345
20.64	-2.028110963217155199796	-4.20253602194066361324	0.578312957056156426539209
20.67	-1.68828925659164097177	-4.250409038056278897611	0.830990889599391274617349
20.7	-1.343599042385256946678	-4.2611050145630626665857	1.073507442630001124005578
20.73	-0.99746212196907686889	-4.2351693603235771405346	1.304505762842314792030119
20.76	-0.653138376523000628679	-4.1734936482613333842123	1.522751583973098356812735
20.79	-0.313812049923019069215	-4.077253791054043698732	1.72714155525238747510252
20.82	0.017261749409417720778	-3.9478991600257306287667	1.916710406290431128677083
20.85	0.336775383545780858617	-3.7872172980430203998605	2.090629697178569268465238
20.88	0.641635277850562463646	-3.5973788040249030089611	2.248198486608740544608748
20.91	0.929274302820631157773	-3.3808616828077526419147	2.388834353522521808925261
20.94	1.197700241701592826229	-3.1403035171652950137211	2.512072458532038788829462
20.97	1.445212721677033690186	-2.8784581944460094901019	2.617570838030608199362033
21.	1.670098068195909969351	-2.598342842365080182479	2.705112083814371526244181
21.03	1.870708636514546607561	-2.3033897364907069285913	2.774594394296361516456472
21.06	2.045977379165930709465	-1.997261399068027246532	2.826016548300665398334933
21.09	2.1959163923598690210769	-1.683201663965758806749	2.859469348813433611792563
21.12	2.3215232203879319948176	-1.363272331142032243366	2.875140874201252058728083
21.15	2.4239661977920273122594	-1.038112516917225319409	2.873328377549796593214833
21.18	2.5035673923995762017317	-0.707600790915319498641	2.8544403863276112174349233
21.21	2.5593553786983648320102	-0.372133248575323085946	2.818979016417358168806896
21.24	2.5895570828231854342472	-0.03368857885098989262	2.767509956923651968470951
21.27	2.592645617472165730039	0.304076843652514865081	2.70063976252328157473521
21.3	2.5681152531219828094216	0.636756985333807657146	2.619014963925065302472451
21.33	2.516448408642552186723	0.960420548052339918133	2.523339198920492565424512
21.36	2.4384994089451663433288	1.272237624687339145559	2.414389702050265765138141
21.39	2.334993549917298822397	1.570192941773500397018	2.2930164297160613994054
21.42	2.206601662019027490319	1.852331309978235195662	2.160123424848182768618515
21.45	2.05441568225476095807	2.116258947886304853076	2.01664729519752710251053
21.48	1.880270762333300724619	2.359261755856826983232	1.863548352406934748405564
21.51	1.686563490520850629543	2.578808393860439278295	1.701816784423761672537849
21.54	1.475748865727318596772	2.7729316932753783652676	1.532482481759473083910096
21.57	1.250009091297124594858	2.9402092608484763955204	1.356615298079295060876161
21.6	1.011382714228175519781	3.0794872332087186553589	1.175312858266412593510431
21.63	0.762167692488946215068	3.1896823743087168272859	0.98968457875164576111898
21.66	0.505159798330294872078	3.2698330366012875217785	0.800842567762609343589586
21.69	0.243485926544576210381	3.319283437893493201069	0.60990196071623407424186
21.72	-0.019794800868128684235	3.33778173258989723677991	0.417983947055082772152107
21.75	-0.281944419769556587391	3.3254159710064113525138	0.226213104626798764277855
21.78	-0.540458218976772734771	3.2825030536051730859077	0.035707112024217469299452
21.81	-0.792788375394388878421	3.2095715499678336107498	-0.152435800678068878360289
21.84	-1.036189096094008920755	3.1074426575173007189227	-0.33714517027253754124865
21.87	-1.267832290668294206055	2.9772926048016877990329	-0.517381012772461854712087
21.9	-1.485063857368888998512	2.8206088366327580549128	-0.692135030238301781755947
21.93	-1.685560811245165995091	2.6390819393131512373125	-0.860434940806701170474934
21.96	-1.867287434437716422698	2.434547007629839883767	-1.021352470205902053735973
21.99	-2.028357306798404822368	2.209023743398580139053	-1.174011600484864816903237
22.02	-2.166971489376098743226	1.964787855459044187981	-1.31759370798277810319414
22.05	-2.28148848977879331958	1.704373308178646822256	-1.451339502091679795788582
22.08	-2.3705394953696851748544	1.430486082370676775411	-1.574550369939904789634358
22.11	-2.4330804079285426024182	1.145905781783396143413	-1.686591263302940011391745
22.14	-2.468364383548318468094	0.853454500827933803463	-1.786894710048217293721872
22.17	-2.4759020357562264242408	0.556028853978773090815	-1.87496392043946477495408
22.2	-2.4554659242616241773805	0.256622914230364813703	-1.950373813374052392794219
22.23	-2.40712767530335237222721	-0.04170966352452587395	-2.012770773149785788799345
22.26	-2.331281519896147449398	-0.33593220568324170669	-2.061872735778216478243577
22.29	-2.2286377742245509332142	-0.623082595146055968986	-2.0974701398653322479897793
22.32	-2.1002094731531304406601	-0.900292245066257608182	-2.1194268580589449403247444
22.35	-1.9473090014991380955142	-1.164801412393417764374	-2.1276801365581765603123431
22.38	-1.7715358090120477462028	-1.414005291758410756773	-2.122239733655697988184832
22.41	-1.5747313125090175539298	-1.6455142146714447388172	-2.1031872892536258788026491
22.44	-1.358918321338990134045	-1.8571806096805000152166	-2.0706764073865287216891071
22.47	-1.126273824790569832149	-2.0470787846067135045876	-2.0249327192879998881163274
22.5	-0.879152374340385710306	-2.2134796920263809140763	-1.966252906807954771923106
22.53	-0.620110645757406518659	-2.3548679611866940410612	-1.895002762049246406926673
22.56	-0.351867084767413907252	-2.4699926457036245867263	-1.811615512031861058828278
22.59	-0.077199368655394069297	-2.5578965515677363685867	-1.716591282834781118663307
22.62	0.201134529407727456733	-2.61789467282882096987536	-1.610496890788015307362842
22.65	0.480373443709259189502	-2.6495417545420640849585	-1.49396405692563886563098
22.68	0.757658255754414747067	-2.6526513735756871549784	-1.367685167673816161306515
22.71	1.029990368539336831675	-2.6273649673969820622201	-1.232408014653721731872671
22.74	1.294332890447793119376	-2.5741911746434816667831	-1.088931979774106931551435
22.77	1.547797805164937104832	-2.4939493002428885021749	-0.938106401015249395329075
22.8	1.787759397984155931615	-2.387660061935197335003	-0.780828888773865948442415
22.83	2.0117977413691020283	-2.256508535855683977216	-0.618040407934453275451493
22.86	2.217552065314608327175	-2.101942828326246156957	-0.450716474739121888707426
22.89	2.402665729816387643407	-1.92581098934481516587	-0.279857581723431808103157
22.92	2.564913516850442131499	-1.730357498048286591626	-0.106482953656952402212188
22.95	2.7024068351906763092115	-1.518019340898965037222	0.068371567002317479274066
22.98	2.8136843408343293066469	-1.291182294525823550821	0.243655301209337884469033
23.01	2.8976157471890756572417	-1.052138985091115874277	0.418309026080964984684727
23.04	2.9532465045370128767033	-0.803308145185233616487	0.591276503550892424021758
23.07	2.9797693331984612974448	-0.547490334933742987453	0.761516433031731873588394
23.1	2.9766571889276792881314	-0.287853777763054622029	0.928008807479420056374387
23.13	2.94379952611233113269889	-0.027588634692491141202	1.089754587585321829143743
23.16	2.8814750261610394221797	0.230482377694689044429	1.245774203457107599924431
23.19	2.7901893090167162416289	0.483963144760667557984	1.395111922651339699023801
23.22	2.6705802906593624598304	0.730543436976690541182	1.536847463008539321933208
23.25	2.523529284580893583568	0.967600692993069637872	1.670108532911632850293249
23.28	2.3503613910268219253323	1.192179364645161785475	1.794076016654517951420981
23.31	2.1528590740879666027112	1.401426557753440427886	1.907979868026341267953126
23.34	1.9329703137339240091763	1.593090920360018606802	2.011092710870780871214182
23.37	1.6924503822603746685746	1.7655912205713165089736	2.102730812336431930552778
23.4	1.4328490120414048528017	1.9175669789014990012717	2.182265264806575411157356
23.43	1.1559959341179409571263	2.0473536176685402772465	2.2491359769942374420147046
23.46	0.864637542177878542682	2.1529465143694510165901	2.3028573754159087119754941
23.49	0.562612632006551828634	2.2325743607924704621489	2.3430116777559185796659063
23.52	0.254244763620345619402	2.2853927176084073889396	2.3692371054215012750027399
23.55	-0.056713644821890305273	2.31164277118679394079525	2.3812236012118687654064788
23.58	-0.36781698280974146678	2.3120934299734218151652	2.3787223040777947425945917
23.61	-0.677793375419674078105	2.2872346895077510385333	2.361562835367029226757688
23.64	-0.985674610745963471662	2.2368863941706506171526	2.329665609199420891311505
23.67	-1.289855308485943715964	2.1604866562158300427437	2.283041064935213137835199
23.7	-1.587715735111947025896	2.057744230011356453202	2.221779244168305530131822
23.73	-1.875938003762985166615	1.929096114696685061736	2.146040639642680599416736
23.76	-2.151130301949317817976	1.775672168215633006788	2.056056204377987630818803
23.79	-2.410260680421483385903	1.598940714671774335707	1.952134624551897173617209
23.82	-2.6507024459051107616558	1.400438232431128723924	1.834668298475293854862724
23.85	-2.870059348180343985482	1.181801234335316192136	1.704131927641808625027876
23.88	-3.0660445781770150744561	0.944970508259045393608	1.561075783839235471378544
23.91	-3.2365221520783127765051	0.692293344703091769075	1.406120821010953497619492
23.94	-3.3796185006451804000267	0.426409306135967406496	1.239959950720520712091746
23.97	-3.49377580142839224274127	0.150049460870968199444	1.063362623543752029028111
24.	-3.57772720032896518336493	-0.134058990905211712494	0.877176175304340341324952
24.03	-3.6304649525734983942245	-0.42314275964261194248	0.68232081607390082019494
24.06	-3.6512494955854700989491	-0.71431212544816542213	0.479781552253261421806462
24.09	-3.6396317398959965327126	-1.004589575332653502233	0.270602731378518705057005
24.12	-3.5954438380114725537668	-1.291013883347060634773	0.055887020572373851311963
24.15	-3.5187698720280575112974	-1.570701255419052057015	-0.163204881965435197739401
24.18	-3.4099482448867784618522	-1.840807495606107080423	-0.385458496984535742555985
24.21	-3.269617049961566549076	-2.098467284995087574199	-0.609614102263468635811839
24.24	-3.09874258461368098163	-2.3408214838913159424	-0.834375325564137013538335
24.27	-2.898571766220015684871	-2.565137471705954572166	-1.058414003871407780882432
24.3	-2.670538378658335348237	-2.768910039096277648577	-1.280372333658212560733981
24.33	-2.416226710746098201857	-2.949845289717201422837	-1.498866883462059815895333
24.36	-2.137450495738236875335	-3.10576329243893530443	-1.712497178643150409828032
24.39	-1.836373555125764362059	-3.234551061903896038412	-1.919856410293411563933569
24.42	-1.515530151660372396858	-3.3342423952282575628999	-2.119539341406685524928463
24.45	-1.177692967790422157722	-3.403158341698611697271	-2.310145682644926465785966
24.48	-0.825702380607936099633	-3.4399785994881109411143	-2.490282596961854926655562
24.51	-0.462427619785480994559	-3.4437038540262711098653	-2.658571463530461085310756
24.54	-0.09089775592903171126	-3.41360395731135938139604	-2.813659810721561522055252
24.57	0.285552780888857498313	-3.3492637518453815951368	-2.954234082132213238857204
24.6	0.66332273991557950512	-3.2507126393188765859289	-3.079028533129364805979863
24.63	1.038797069904316654847	-3.1185029373822702848829	-3.186830512992915740424028
24.66	1.408631367605183813413	-2.9536355526796501856448	-3.276487095219878937937277
24.69	1.769849733629019827959	-2.75739043314520171545	-3.346917182511180797819208
24.72	2.119720188689579092028	-2.531219187332963459708	-3.397127846822795529138959
24.75	2.455577796425534942113	-2.276773722189905759652	-3.426229917011521555597083
24.78	2.774779572355853456314	-1.99596971828425953011	-3.433449889482116846934484
24.81	3.074795335409678637362	-1.690929638140247784952	-3.418140491986247931799372
24.84	3.3532765498811877319919	-1.363799608524000821447	-3.379794322129314884606485
24.87	3.6079840969557761701781	-1.016625020351779030865	-3.318061341902174278134752
24.9	3.8366409298331610997171	-0.6514651890977734077	-3.232766006281879011560442
24.93	4.0368831928149451438666	-0.270699081477325397614	-3.123919625220972313761252
24.96	4.20638593689793906044235	0.122743635314413104992	-2.991728676709751084985222
24.99	4.3430514314757925500268	0.525449952559615940876	-2.836604036355430760976862
25.02	4.4450902433926153548329	0.933830210681612050796	-2.659173854737221511410254
25.05	4.5109662464721710714328	1.344368442555699434256	-2.460296100357919150693608
25.08	4.5393479878684664776322	1.753584840121691965384	-2.241063467327936605513992
25.11	4.529202136632614315624	2.157784657188138033646	-2.002798037690503972049352
25.14	4.479982752494433806166	2.552896505274825579726	-1.747041134638997227756684
25.17	4.391728978198244046829	2.934613839817028672876	-1.475545972378576920090088
25.2	4.264962019154601836734	3.298742550536426223369	-1.190273849936979279475107
25.23	4.10049437094815670724	3.641455184928321688819	-0.893386005586291661742007
25.26	3.899373513963183149177	3.959266039821171760076	-0.587222815339649634670249
25.29	3.663037473111150801576	4.248836568152278797042	-0.274270985098230874411787
25.32	3.393513092272420633737	4.506878241937922782746	0.042871783457830954092066
25.35	3.093421397641646927876	4.73028668142457742743	0.361526301816854689557034
25.38	2.765754073321416558524	4.916383121608769491954	0.6789571211545183952006
25.41	2.413631526429933964588	5.063043046574379040009	0.992402477365059470813083
25.44	2.04026395613826790794	5.168640481804610962389	1.299114420135591351903351
25.47	1.6490956475971156947	5.231935620319662947323	1.596404076862311869942646
25.5	1.24389852819113500574	5.2520554528292968303518	1.881681609172228976197192
25.53	0.828648007762035118131	5.2285637554481261953031	2.15248630959960796684002
25.56	0.407287047121645309668	5.161496362972986793474	2.406512380676151368745088
25.59	-0.016365549794525502351	5.0512969853469417430631	2.641638154890382878684706
25.62	-0.438475786474585222345	4.8987320434809854250273	2.855958164635244738574729
25.65	-0.855036794624060405397	4.7048830208879244496826	3.047808797716927803886735
25.68	-1.261959303959281730758	4.4711744709991575033316	3.215780431141046614251772
25.71	-1.655370277658666247004	4.1992988770877934281249	3.358720228876686322711076
25.74	-2.031743255491228522526	3.891036994733630882992	3.475736776631234523742326
25.77	-2.387556536643821896245	3.548233660699187323835	3.56621086308922571633241
25.8	-2.718684749262698096026	3.173222976272409759239	3.629802682102675043501102
25.83	-3.020176915734687009967	2.769615715664457301488	3.666441253310152055606776
25.86	-3.286910940182946257066	2.342848157157560356405	3.676294710339000982060701
25.89	-3.5148621812352992455665	1.899815888158318302713	3.6597385502279164595492982
25.92	-3.70207491612447447978	1.44754484316166708511	3.617342787222620889945496
25.95	-3.8485828057465140597814	0.991716254152536192128	3.549881498367744622283269
25.98	-3.9553982483412937528767	0.536110233777896347683	3.458345203141744222776249
26.01	-4.02343907800112344558417	0.083338853505509763942	3.343931079866866336102188
26.04	-4.0531922890528187806848	-0.363797733559973557337	3.208004807896257747014879
26.07	-4.045163202760808756	-0.801454692149039409064	3.052053136897748523863745
26.1	-4.0004683316292681142247	-1.225006003280706770209	2.877653490543452423755017
26.13	-3.920923667667887217996	-1.630066572064910399608	2.686469280796061367968306
26.16	-3.80859507603339599453	-2.013330528500668063991	2.480254928278329160254583
26.19	-3.665345770467860464664	-2.372574873621304811673	2.260846934696212481091198
26.22	-3.49286582922439945813	-2.705986459560899183833	2.030133063908957840693848
26.25	-3.293115505961847124875	-3.011518074196568164695	1.790013938701337574443093
26.28	-3.068675291269137667081	-3.286824504415593232302	1.54237809487202885939289
26.31	-2.822612561433228519803	-3.529717148237913258191	1.289097509760213169713738
26.34	-2.557991968480024919946	-3.738628175108040150209	1.032031268752286951226875
26.37	-2.277521377858143057423	-3.912671984172200365921	0.773019565186418576361548
26.4	-1.983667978090641480316	-4.051344741262767520152	0.513862461952820797014248
26.43	-1.679088253482031911708	-4.154223539102045336254	0.256293980941458269199156
26.46	-1.366909933970449093351	-4.2209428271419428853476	0.001966106216282571426995
26.49	-1.05057848566396336118	-4.2513983315936459791611	-0.247553121205460610546459
26.52	-0.733426424118855332124	-4.2459214957893411858625	-0.490776079398420562324871
26.55	-0.418378143808862931962	-4.2052587858726484768488	-0.726297839481558055544125
26.58	-0.108031707615251847495	-4.13042546911375162163185	-0.952806882113067994126205
26.61	0.19502818474461808426	-4.0226123348807362144519	-1.169097293352869433607657
26.64	0.488032771032002336234	-3.8832213181539319000123	-1.37407434426020553980494
26.67	0.768135762059280700515	-3.7139444376760871780294	-1.566752297835477663969839
26.7	1.032695803997890730357	-3.5167661964153998045238	-1.746250013222439336656824
26.73	1.279461847907977500293	-3.2938788208239984976128	-1.911789861538532943591631
26.76	1.506529613415146892298	-3.0476057208438923383398	-2.062700064319797845148042
26.79	1.712180149491195723134	-2.780408100057314870387	-2.198416358829760045468008
26.82	1.894800805841438534513	-2.494940426562341547624	-2.318479918460500949008628
26.85	2.052965655643970690769	-2.19405840391424342205	-2.422532537089140316693671
26.88	2.185579696447822769033	-1.880735990424334934221	-2.510312277217814764184047
26.91	2.2919499631448696303206	-1.557945316237938534467	-2.581651129913643668947399
26.94	2.3717470926970002273455	-1.228580035878755481032	-2.636473337702395919231347
26.97	2.4249246041025156183256	-0.895437041385860525327	-2.674792376289480999778224
27.	2.4516611136377404500582	-0.561203620713987628828	-2.696706497559603750610488
27.03	2.4523177940342735911109	-0.228412664860674717961	-2.702394492179467077309885
27.06	2.42737114717085819017386	0.100597011760861546404	-2.692112795748500425489186
27.09	2.3773295240908082204426	0.423646686439297384871	-2.6661931659906335718121035
27.12	2.3026956140786065991971	0.738602882280174011719	-2.62503946353374648727096
27.15	2.2040138998030519244178	1.043260364996193996737	-2.569123453596404148575911
27.18	2.0819652609660332340923	1.335308632747958163857	-2.498981135880051874600989
27.21	1.9374381341760185920326	1.61238630445098725597	-2.41521069531122924707442
27.24	1.771556546646161530136	1.872154402636376870083	-2.318471072384590898952976
27.27	1.585707472465847397436	2.1123349679311639584168	-2.209478991852902375621109
27.3	1.381595451052338453881	2.3307345709653605973517	-2.089003788438776185712087
27.33	1.161277840276780036505	2.5253045983981540751786	-1.957862046655880415740265
27.36	0.927105848848365188846	2.6942406357178617415639	-1.816914705909642074271716
27.39	0.681574952916997682104	2.8360581728196944927344	-1.667066687838346071438874
27.42	0.427197229206050254976	2.9495908430065352715615	-1.509265865680612794741975
27.45	0.1665103623891803632	3.03393822461871264065577	-1.344498076726322414855572
27.48	-0.097797850581422633342	3.08844566629563781463054	-1.173778527048980398296784
27.51	-0.362810158303393474659	3.1127543640902030475263	-0.99814373608283069785662
27.54	-0.625484039564939391391	3.1068624389670766305694	-0.818647858586618448420547
27.57	-0.882891312301255387971	3.0711085224087605590986	-0.636362635353708157404377
27.6	-1.132383575141151937405	3.0060779321479872005073	-0.45237590673002165183143
27.63	-1.371525043603058017324	2.9125396417849179067887	-0.267784295072497151325937
27.66	-1.597867890314736116109	2.7915080616522947659889	-0.083681095598251584999666
27.69	-1.80882235642884630301	2.644378321265221807933	0.09885473423612999529879
27.72	-2.001793810028951303832	2.472965768358213177072	0.278763466703730261590107
27.75	-2.174486204334742279928	2.279348132995871131757	0.455004420789396812724068
27.78	-2.325088395144319385744	2.065623814066578738327	0.626557018129024046624669
27.81	-2.452170271132021804107	1.83383159047183425057	0.792428377237482012833658
27.84	-2.55441432154205854701	1.586145778617295973776	0.951666183667258139696031
27.87	-2.6304807790607699357652	1.325164827579291327407	1.103369944218069420430392
27.9	-2.6791600054505952526269	1.053960458648420056376	1.246694809397038564467112
27.93	-2.6996510700405884031194	0.77574995528597914589	1.380849053753498589698798
27.96	-2.6916636666671596275229	0.493443820152865159716	1.505092208766220975155727
27.99	-2.6552377887465577165788	0.209507518930475475326	1.618739765006123583744318
28.02	-2.59050126825516991895889	-0.073680814410040977244	1.721173266144423379107433
28.05	-2.4976725001346018296801	-0.353288990907843265708	1.811848593867272413935262
28.08	-2.3773421751423560437911	-0.625862592379323422757	1.89029643917326886790802
28.11	-2.2307073134742164350772	-0.887793127080367952885	1.956116337693932192230687
28.14	-2.0593970452115294409258	-1.13608225670278875613	2.0089718869391698203716554
28.17	-1.8649284144046525104394	-1.368722215414293956684	2.0485934824465444786166667
28.2	-1.6482843282062423449726	-1.5843007612063895722451	2.0747871058495719717268
28.23	-1.4101214429704100523404	-1.7811214819399659677411	2.0874409318815110024721181
28.26	-1.1516136383646765711131	-1.9565891383205188558525	2.0865225725413701802248885
28.29	-0.875342384297913310869	-2.1074222467665342945026	2.0720679585786237711746117
28.32	-0.585504169916040269219	-2.2305681105121177275275	2.0441705657422705661282055
28.35	-0.287197992736944558321	-2.324113539024308232397	2.0029796621876016371622387
28.38	0.014716736422772735623	-2.387537767661376376322886	1.94870848345683774618822
28.41	0.316396188778635524103	-2.4212630014176334550165	1.881644917267734887289138
28.44	0.614999430434480000625	-2.4260076458927524542428	1.802155877364446403025394
28.47	0.908120645070619380065	-2.4024573019565920127113	1.710682856254856613650435
28.5	1.193244359138754367065	-2.3513489798636945849565	1.60773386913210325373742
28.53	1.467615961597975290297	-2.2736865421211532616279	1.493879023554520283831852
28.56	1.728474486016929578058	-2.170791057844505548517	1.369752038567126450997685
28.59	1.973319660152393806504	-2.044157855820553684231	1.236053542126492154828485
28.62	2.199968603615607113241	-1.895316514688525122693	1.093550225094352484843235
28.65	2.406428620049386567051	-1.725854928158828181459	0.943068103170497932931249
28.68	2.5907755165443402263903	-1.537563602458256679218	0.785483574307832541707603
28.71	2.7511636390301798328993	-1.332530970200059616794	0.621717203116844504504803
28.74	2.8859303076100808148181	-1.113095915643305984385	0.452731398645867262685813
28.77	2.9936813617349403532802	-0.881726428664994109834	0.279528622338054460394326
28.8	3.0733050177597162522337	-0.640953100026260213934	0.103146113680818197022736
28.83	3.123953519251172746222	-0.393393883952247389218	-0.075353322319275995601442
28.86	3.14504741154943429351978	-0.141789729034581306632	-0.254891151796708481975567
28.89	3.13630292998714640413481	0.1110322355486266905	-0.434380172797286499967051
28.92	3.0977457846279720129146	0.362250929877751007725	-0.612728781594056649333166
28.95	3.0296996050682995355006	0.609110850405449734185	-0.788845452561914748377479
28.98	2.932778280959010180736	0.848906231039401830595	-0.961645928373062322205842
29.01	2.8079039949505835258597	1.07894881373600803493	-1.130062352830955094591011
29.04	2.6563249744345482740158	1.296607063228013121877	-1.293051256721945340394315
29.07	2.4795886102425108017421	1.499422127462992410507	-1.449598420594685771064392
29.1	2.2794720062020430718237	1.685210619747061169728	-1.598721835386479716146036
29.13	2.0579293939828536753029	1.852073090805610964103	-1.739475681400570516157646
29.16	1.817103623589663778469	1.9983331059748200544901	-1.870956623380629635157823
29.19	1.559366624663218076048	2.1225108127983120556248	-1.992310659847287572955571
29.22	1.287294868243930093481	2.2233913329661657481838	-2.102737704408831339216157
29.25	1.003531817225979879047	2.3001295171135567610559	-2.201493178178278622003191
29.28	0.710605058358466025759	2.3522752576202046316224	-2.287888791584063289042916
29.31	0.410826723531844785882	2.3796742303114579381376	-2.361295167201667733790641
29.34	0.106337134839025043589	2.38231629792871133983805	-2.421146514986133880246104
29.37	-0.200778876717325901221	2.3602357487951120320236	-2.4669449841612302274599886
29.4	-0.508424634205312818623	2.3134867652699058686587	-2.4982624787035386767212206
29.43	-0.814510587113800602891	2.2421310740716916595838	-2.514740402271262651964436
29.46	-1.116973958688089528173	2.1461933128552270291592	-2.5160899092079520251619383
29.49	-1.413696906598218938839	2.0256395913928462670463	-2.502094371121489115914932
29.52	-1.702339212441280924602	1.880479895039791362409	-2.472612968208673262268332
29.55	-1.980226971679843824883	1.711001584554162708122	-2.427582899232372891773801
29.58	-2.2444251810078203168685	1.517992713255385579255	-2.367019395084271454660284
29.61	-2.4919686937656104179749	1.302782448979144178289	-2.291015525765780118135871
29.64	-2.7200875662262150940135	1.06707658167238922428	-2.199744227011670258777395
29.67	-2.9262858097153944213901	0.812760540968794616934	-2.093462235581458569787071
29.7	-3.1082908885609676394264	0.541870097680439208762	-1.97251282545374055365336
29.73	-3.2640118369530964152284	0.256743263925344140264	-1.837324975919704906650265
29.76	-3.3915996300237611160353	-0.039846183231241714077	-1.68841053753972418803614
29.79	-3.4895551164472821134434	-0.344778445029002481714	-1.526363676924587773506085
29.82	-3.5567560665235962203297	-0.65488015655970478984	-1.351864712277197207989887
29.85	-3.5923662914201067093865	-0.96717350846468250458	-1.165685099371067820270409
29.88	-3.5957379006988601260437	-1.278858008498755578569	-0.968687674119946182632002
29.91	-3.5664384095830150747135	-1.587063004402341854658	-0.761819994336388601114097
29.94	-3.5043892786805519743282	-1.888644025481479116594	-0.546105521997081549528197
29.97	-3.409954428348210377544	-2.180254560441671969125	-0.322640007327852241178122
30.	-3.28384925353595041808	-2.458643783216504204082	-0.092595119616295160133511