lambda	x	y	z
0.	1.66555632473966389408556293627	0	1.6268666106181519839141214513
0.03	1.65350348765238424810153	0.23810994539926342404725	1.62187889419725313122209484
0.06	1.617494060528068824751922	0.47346934069275359857454	1.60694387455977760435579457
0.09	1.55797436518328943958544	0.70335831202171882401157	1.5821458220666054773425284
0.12	1.47568418718247391642853	0.92512000850653312986949	1.5476247897660650546456177
0.15	1.37164860053437784929421	1.13619395101791994369354	1.5035760086231081244602599
0.18	1.24716535045691091495473	1.33414810492594622599178	1.4502490250888624176577663
0.21	1.10378906917240555732028	1.51670831837978614275469	1.3879465677903010475018361
0.24	0.94331295617187934954247	1.68178555616035670797648	1.3170231296854485702740233
0.27	0.76774716470466794564174	1.82750161120831391866518	1.2378832536387391569776592
0.3	0.57929318059927371846262	1.9522127339837886360601	1.150979512994910589803254
0.33	0.38031501164064552311542	2.054529820654018815492668	1.056810184102374778544783
0.36	0.17330904170540692166914	2.133334466582487869060567	0.9559166143701780723357932
0.39	-0.03912635936741166985871	2.187791324329699261545832	0.8488802966734654609725515
0.42	-0.25432196293714025774576	2.217357379094908347026076	0.7363196679943752852173917
0.45	-0.46957051303398204369236	2.22178794901304308178345	0.6188866563573201562462642
0.48	-0.68216106807211376178028	2.20113864699964527041316	0.497263004784511765063045
0.51	-0.88941326653585741829751	2.1557629930350359108369	0.3721564038006855698040453
0.54	-1.08870990861306003842124	2.08630625231885878673243	0.2442964649170022124959412
0.57	-1.27752755687186435823547	1.99369626596405144632072	0.11443056681979713973830391
0.6	-1.45346596989597850935347	1.87913132652461049654202	-0.01668039574456203690337361
0.63	-1.61427688190598236554342	1.74406450135385305843816	-0.1482663324308206998258322
0.66	-1.75789138092885136019723	1.59018415120337521588619	-0.2795523207539801137376792
0.69	-1.88244442508854598791702	1.41939142680953624802515	-0.4097629868397310636381774
0.72	-1.98629567051914083748286	1.23377603045240243608056	-0.5381268771947539725714498
0.75	-2.06804699079889856091643	1.03559083814560413026151	-0.6638807935830162172874103
0.78	-2.12655746963453127258339	0.82722486349361499793353	-0.7862740608386777516492044
0.81	-2.16095588690575383573222	0.61117388177533940530878	-0.9045726952703715703352039
0.84	-2.17064982535314949893983	0.39000915444365584888007	-1.018063439978155442146696
0.87	-2.155330643426768834679644	0.16634587630240342909111	-1.126057633578174039496823
0.9	-2.114974552063025344763408	-0.05718722192919055443538	-1.227894880939772990179467
0.93	-2.04984066771010646181573	-0.27797714782467606934978	-1.322946498697241086787062
0.96	-1.96046642326453361351596	-0.49345590862606070492398	-1.410618714285423110914177
0.99	-1.84765981485766408107622	-0.70113022770812171680728	-1.490355604565950573208906
1.02	-1.71248795689840061197006	-0.89861050996628298920499	-1.561641768070529804886358
1.05	-1.55626244210086415063389	-1.08363719214891326938258	-1.624004732723977212386445
1.08	-1.38052267055605529750023	-1.25410388373718418101103	-1.677017107888566390755479
1.11	-1.18701754352367534364673	-1.40807835107950978959856	-1.720298495080470192374945
1.14	-0.97768468676981397730145	-1.54382223675656158815402	-1.753517175319807701625336
1.17	-0.7546266779594109293279	-1.65980860047609879785195	-1.776391592574128416021128
1.2	-0.5200856936026934981064	-1.75473549015950636258026	-1.788691652146068489734623
1.23	-0.27641904454850235696022	-1.82753529925873541327926	-1.790239850345213895589801
1.26	-0.02607641083680840961138	-1.877381714046776771796666	-1.780912247744548611844833
1.29	0.22842296254715682816737	-1.903695836795650281412176	-1.760639293248228855696875
1.32	0.48451502178681545910436	-1.90615100465827309330523	-1.729406500656387201217789
1.35	0.73961720808569795329907	-1.8846748366644247777645	-1.687254973988672460001878
1.38	0.99115426967570168024033	-1.83944820884584038846265	-1.634281773069508718231487
1.41	1.23658253749181882144373	-1.77090209409264755186468	-1.570640107245150880045935
1.44	1.47341352985722229862163	-1.67971266241810335598233	-1.496539342923105930011225
1.47	1.6992379426609523663358	-1.56679373458065312808888	-1.412244810058618165279567
1.5	1.91174951079016143343844	-1.43328572904061450692106	-1.318077393735404504456197
1.53	2.10876708314186627499666	-1.28054175604634236524712	-1.214412899390955814110018
1.56	2.28825391601623135724635	-1.11011254367300763810739	-1.101681183657954218186391
1.59	2.44833469373321864744953	-0.92373107868473965871678	-0.980365046767305272095091
1.62	2.58731131949355840185995	-0.7232961792306741028306	-0.85099888648796880988685
1.65	2.70367765758478815771009	-0.51085371688127969880654	-0.714167117215791751237156
1.68	2.79613239105894717995491	-0.28857548412826487407285	-0.570502360742480690920519
1.71	2.863589220417209412203167	-0.0587372598305009948855	-0.4206834172867035288639845
1.74	2.90518456190950715836967	0.17630235929130162056725	-0.2654330265942776307737321
1.77	2.9202834831256275111313	0.41412234866624718644243	-0.1055154295220967170645738
1.8	2.90848416923302591347848	0.65226021225124170681136	0.0582662591794789152181993
1.83	2.86962040627100269870472	0.88823446974559645064853	0.2250728558594208090494604
1.86	2.80376150010031761738674	1.11956795243470878738817	0.3940320791522133200195504
1.89	2.7112098608116607692408	1.34381009814117305682389	0.564241674908453562872248
1.92	2.59249715596841058689723	1.55855717770715528770448	0.734772681377432291784144
1.95	2.44837956007659002191881	1.76147112814793847690549	0.904672820257899757534964
1.98	2.27983159023026984949462	1.95029845961656993712305	1.072969998958166391717017
2.01	2.08803763550770075634719	2.12288967713823973409789	1.23867591025676508330928
2.04	1.87438120663256300810823	2.277218021607184188566	1.40078971797921418405624
2.07	1.64043319232656639922502	2.41139599906411436572693	1.558301821598828303134898
2.1	1.38794043199551168102071	2.52368953893487972432009	1.710197698900072914402044
2.13	1.11881443623343339987859	2.61253110108165475314597	1.855461833826706993934886
2.16	0.83511872317345177951486	2.67653289778450330436009	1.993081745941872020903783
2.19	0.53905373934584888415871	2.71449983933055054970977	2.122052147915352536544704
2.22	0.23294033869836942624924	2.72544082903675301896824	2.241379267344171847415292
2.25	-0.08079609028607144010234	2.708577885020875966886806	2.350085378158067154315668
2.28	-0.39964016768841786522784	2.66335406105664275726726	2.447213594018096268798344
2.31	-0.72100148801242726681198	2.58944108926685414357963	2.531832980711424611962852
2.34	-1.04223200310434154558681	2.48674599663426099947904	2.6030440459257081102806
2.37	-1.36064511043487829176765	2.35541518207524552437926	2.659984662456070459610195
2.4	-1.67353339513214499049757	2.19583622255697624454698	2.701836474536980110952675
2.43	-1.97818338231117308871231	2.00863986294994656435795	2.727831826465726749723295
2.46	-2.27188940621450225904684	1.79470388076622491025915	2.737261238041771189786286
2.49	-2.55197008659124250843794	1.55515733268610073207085	2.729481432808127159018514
2.52	-2.81578832445607594911323	1.29138226573254823085839	2.703923903026282866521835
2.55	-3.06077280683734646687526	1.00501218877465525248687	2.660103970263700557105006
2.58	-3.28443928575016150873024	0.69792920363960879614865	2.597630273060628156191635
2.61	-3.48441217768391853216339	0.3722610169177820412955	2.516214584107436820421108
2.64	-3.658447789015337048091376	0.03037614077455462046777	2.415681829520652114803772
2.67	-3.80445893462966543533575	-0.3251254853830530529854	2.295980153032800036988746
2.7	-3.92053936070428886844681	-0.691426956593102970217	2.15719083913342446791698
2.73	-4.00498709038439975913866	-1.0655116759733698060593	1.99953788237833723374984
2.76	-4.05632744855761177242935	-1.4441812481177412860776	1.823396966211769125371105
2.79	-4.07333676771746115560339	-1.8240745587990621505213	1.629303594731512899665588
2.82	-4.05506625501205640877296	-2.2016907710792956460813	1.417960105887492756060484
2.85	-4.00086416338196096152609	-2.5734181039623992463844	1.190241285643973569722923
2.88	-3.91039497195576276381299	-2.93556743949825113715457	0.947198300615877615285361
2.91	-3.78365604821276831289389	-3.28440817243675877544427	0.690060672483894631341231
2.94	-3.62099297624538057767284	-3.61620489645690237206308	0.4202360318303898803348107
2.97	-3.42311334148244962404741	-3.92725594229158240605285	0.1393074124374781420933145
3.	-3.19109679130038606050005	-4.2139356079397488053773	-0.1509721202092893468300478
3.03	-2.9263990427266483146698	-4.47274023445159245360553	-0.4486876705622565463276177
3.06	-2.6308495979611584040082	-4.70033598760743941056852	-0.7517736585220746883139458
3.09	-2.3066450214759879733448	-4.89360577517842968989177	-1.058027964081447157199995
3.12	-1.9563392901093604103139	-5.04969442247695144268312	-1.365129061354787205793427
3.15	-1.5828301909978593401103	-5.16605291734298008382642	-1.670656062316887854679559
3.18	-1.1893388964358490666189	-5.2404822287505602066862	-1.972111517644553976848251
3.21	-0.77938106021765811610371	-5.27117533994178353197949	-2.266946748240333753747464
3.24	-0.35673106034477822031225	-5.25675500197733189464347	-2.552589408529111505546127
3.27	0.07461717056275647994957	-5.196305667642729314194779	-2.826472913669789548948335
3.3	0.51049108280527455609573	-5.08939987523195213732601	-3.086067299543553435013051
3.33	0.94658405738592819943625	-4.93611969221402243603539	-3.328911028739287473071959
3.36	1.37850645139474667050145	-4.73707225064123436171084	-3.552643209519939346472564
3.39	1.80184303008656176898395	-4.49339707594660397498862	-3.755035659443905426363582
3.42	2.21221278586427042956851	-4.20676390869337700774841	-3.934024222194561508236474
3.45	2.60532689457792515905319	-3.87936207240589692088527	-4.087738736228631662182983
3.48	2.97704429954774917822927	-3.513883007568925321227	-4.214531057800185605893211
3.51	3.32342741094926175760019	-3.11349535423545527339704	-4.313000559172611226392496
3.54	3.6407985896241054814525	-2.68181016903316290466108	-4.382016555513671808717778
3.57	3.92579371692651366098485	-2.22283605777910852731603	-4.4207371608735801980626553
3.6	4.17540836952024476294967	-1.74092837460224060870583	-4.4286241342208696237453044
3.63	4.38703647211318167607045	-1.24073725450737959161421	-4.4054533498318007593958631
3.66	4.55850506658302256336592	-0.7271543176919481734492	-4.3513206110790189491977163
3.69	4.688106919915586723880449	-0.2052534352460791419293	-4.2666426211216596126524426
3.72	4.774627983721458016944129	0.3197769302588692516029	-4.152153026036477242102153
3.75	4.81736569463132267365328	0.842706148782627069538	-4.008893553040739393101429
3.78	4.8161375059539997210454	1.3583325579833430297491	-3.838200375798585665811153
3.81	4.77128162008442318069686	1.8615510238078691383441	-3.641685947262041781509355
3.84	4.68365054949212560850589	2.3474190247426604274654	-3.421216644792188160071183
3.87	4.55459578923553552306103	2.8112228552322160224046	-3.178886669097015434114501
3.9	4.38594250444840300430001	3.2485414355528112588851	-2.916988724554979941204
3.93	4.179956140729370843993	3.6553029691980251622309	-2.63798208074478994358965
3.96	3.9393043330060470997164	4.0278318819164158276314	-2.344458670837541999916369
3.99	3.667015579936708564588	4.3628872833662699151929	-2.039107919828570960255702
4.02	3.3664333757356980513356	4.6576953879568078173395	-1.724681012963902393735737
4.05	3.041164402304493710296	4.90997617188579637238708	-1.403955311494081358310908
4.08	2.6950222087927653699431	5.11796204672134927513389	-1.079699599249542804841674
4.11	2.3319702555923037390127	5.28040643381010564633858	-0.754640800516913013104136
4.14	1.9560674097991313083317	5.39658251708759117055409	-0.4314327491674069056037205
4.17	1.571415822139012056294	5.4662743838860128585831	-0.1126275135432938303786528
4.2	1.1821091506775058080641	5.4897623824837973649908	0.1993503055617423002486312
4.23	0.7921804950467916413314	5.46780277992713981946814	0.5022259817783926643272034
4.26	0.4055525107590818724547	5.4016010122710033747546	0.793893552423159521566108
4.29	0.0259933899406972353854	5.29277888272326172404715	1.072431067726043708538301
4.32	-0.342919780774617602539	5.14333758643052995622099	1.336112174509924785926345
4.35	-0.6978320773518161791264	4.95561858479170926608105	1.58341409932938531243089
4.38	-1.0356389213854734563348	4.73226306766967214133835	1.813022177500363984106122
4.41	-1.3535117801158569712512	4.47616973823327743568526	2.023831144672176456404054
4.44	-1.6489189674218536812596	4.19045122353318811437194	2.214943465158719850575769
4.47	-1.9196391179143763855738	3.87839077423987239141804	2.385665015354493690813396
4.5	-2.1637678076052458774658	3.5434011436184908065221	2.535498471020277386318496
4.53	-2.37972040039309049702282	3.18898601594314356094581	2.664134764379363121779347
4.56	-2.5662336059730284495579	2.81870276092613806137085	2.771442981618834634236491
4.59	-2.72236520583326838834332	2.43612566034102093268627	2.857459064704213027690123
4.62	-2.84748953339657441147946	2.04481080469700519760011	2.922373664823139376884715
4.65	-2.94128776179389993127499	1.64826498355978127096912	2.966519469892721818776371
4.68	-3.00373494195853663292363	1.24991931852570905149981	2.990358297121129580523108
4.71	-3.03508638708224843541911	0.85310580355157339604322	2.994468205371133360244438
4.74	-3.03586377026626655562844	0.46103475691199349265355	2.979530842774686996999511
4.77	-3.006839501990653910916708	0.07677399416811140151608	2.946319204363530906995476
4.8	-2.94901924556426061357445	-0.29676744770501966538379	2.895685933963898646420949
4.83	-2.86362481451995105941437	-0.65685025962227609088474	2.828552265651176512091725
4.86	-2.7520792908228806271167	-1.00091367902508948600948	2.745897663883729355457674
4.89	-2.6159931619726493924937	-1.32658606616616389948888	2.648750189033614866169984
4.92	-2.45714878170797110905083	-1.63169746639309603787963	2.538177587175189836425715
4.95	-2.27748251313279595807933	-1.91429097943992715247411	2.415279080208030500688244
4.98	-2.07906646828319228036989	-2.17263052717598137553514	2.281177814957120345393673
5.01	-1.86409136041278337362074	-2.40520588162086092548193	2.137013917841797961414428
5.04	-1.63484956185253546630665	-2.61073727171345922417089	1.983938094825690424117517
5.07	-1.39371655020450375846822	-2.78818028622834942057253	1.823105714217787436835081
5.1	-1.14313068465336464797571	-2.9367297391033206616212	1.65567131185491481488743
5.13	-0.8855732370365473401412	-3.05582117763128239108976	1.482783463459410290858028
5.16	-0.62355023590677509558391	-3.14513032228381205919088	1.305579976618842014536374
5.19	-0.3595754522739153686826	-3.20457169332531644631523	1.12518336390838434125438
5.22	-0.09615247096225287962384	-3.23429696567816537597422	0.942696568217383524780502
5.25	0.16424516159596706233662	-3.23469232653903682961326	0.759198920485769386599762
5.28	0.41919451735486860151453	-3.20637388129940017376071	0.575742318100191490461812
5.31	0.66634253559148358338102	-3.15018107790607068320155	0.393347618659736512726869
5.34	0.90342322356998108343281	-3.06716890903270181135491	0.2130012484655091832666746
5.37	1.12827402253200732377914	-2.95859932558285189930023	0.03565202794106913599748769
5.4	1.33885291118645107178474	-2.82593135132127222263116	-0.13779178250327838483051
5.43	1.53325629477132350413482	-2.67080909918942891032989	-0.3064652124910658328214784
5.46	1.70973608877692721860831	-2.49504768938307207873878	-0.469549084440449272132452
5.49	1.86671444672954758286027	-2.30061800112431460845576	-0.626272286701536817962065
5.52	2.00279615607964210528234	-2.08963106787127426700145	-0.775913815426828809659512
5.55	2.11678001478157267683697	-1.86432181427991544823948	-0.917804584042607277372255
5.58	2.20767010514371784398889	-1.62703105698692212211303	-1.051328999519812870616865
5.61	2.27468635964248849634113	-1.3801852880012711346637	-1.175926304964374824596341
5.64	2.31727296208892150545185	-1.12627516308654490774183	-1.291091688605925001588085
5.67	2.33510388270890453834869	-0.86783419304570163245062	-1.396377160299128273461535
5.7	2.32808623057392871872307	-0.60741808290814274359884	-1.491392198315416700254143
5.73	2.29636243724715208100954	-0.34758360269837261173692	-1.575804171504054967102478
5.76	2.240311212928367635243833	-0.09086568857563300451347	-1.649338544686014888501326
5.79	2.160546153331833177903932	0.16024693182702616293943	-1.711778878110817326329991
5.82	2.05791121860820360447574	0.40333568344103220513806	-1.762966634554533699526203
5.85	1.93347360328443036080417	0.6360740853112463008707	-1.802800809732981575757313
5.88	1.78851500366619743118692	0.85624807322649666414571	-1.831237402752982853055668
5.91	1.62452131277043398450186	1.06177621783428281732118	-1.848288743033478357811947
5.94	1.44316987752813847842509	1.25073015834521821620991	-1.85402268835185899692823
5.97	1.24631425830483791652083	1.42135368582486407314289	-1.848561705434323955402272
6.	1.0359679765629216945829	1.57207909088131804025129	-1.832081840009033330877067
6.03	0.8142884974103488558038	1.70154157893945256252429	-1.804811577826318475260351
6.06	0.58356043035493449704632	1.80859369969324427696142	-1.76703059228863471664873
6.09	0.34617557412425357454299	1.89232012085931618730224	-1.719068368565795654898776
6.12	0.10460902398235553124855	1.95205085776862409389364	-1.661302688963918738651967
6.15	-0.13860684387103497712303	1.987371109493964722019307	-1.594157960406875125354608
6.18	-0.38090835277618026451669	1.99812770909672567099442	-1.518103362634570473447877
6.21	-0.61972632966787529483526	1.98443316998318757779416	-1.433650795452970627410036
6.24	-0.85251309537684066476043	1.94666741563654593112747	-1.34135260524722737889926
6.27	-1.07677117257381035921634	1.88547622189054874101113	-1.241799074953067698917078
6.3	-1.29008240146249004190627	1.80176580511903125216605	-1.135615667521122776128521
6.33	-1.4901356671148402114998	1.69669423462230558303773	-1.023460020147351334974889
6.36	-1.6747527305348521799758	1.57166068422074234080704	-0.9060186945532207781318047
6.39	-1.84191300038026671427492	1.42829252009244263450949	-0.7840036966484035821062858
6.42	-1.98977793436468056577279	1.26842920988075748420672	-0.6581487862460421784427893
6.45	-2.11671448273760142949312	1.09410238806971789244052	-0.5292056034647766504503949
6.48	-2.22131617563560157875871	0.90751277866222788971182	-0.3979396425763349816280283
6.51	-2.30242096887024184258656	0.71100546066226150859242	-0.2651261061556681583987025
6.54	-2.35912605187070888478516	0.50704425401576919314677	-0.1315456725959968905084736
6.57	-2.390800193121665244276081	0.29818465978359952258701	0.002019791201112771998140475
6.6	-2.397093561289182223934459	0.08704441940816900242792	0.13479154220716621186975171
6.63	-2.377944247298789496066472	-0.12372815294436066304656	0.2659982710921197792878444
6.66	-2.333580851687181393094885	-0.33148657491210815136663	0.3948803834059618921566676
6.69	-2.26452129449250341919554	-0.53361777908216823205367	0.5206942265552367339536657
6.72	-2.17156844030415285379034	-0.72757259043934331544913	0.6427162364262301121821303
6.75	-2.05580268694661558118148	-0.91089596659964555885737	0.760246976054187658747167
6.78	-1.91857098105115847327605	-1.081257572112023729572	0.8726150369552898301703003
6.81	-1.76147179612479372431742	-1.23648185160035967615216	0.9791807723180628894407544
6.84	-1.58633649528329509708145	-1.3745758833038597449001	1.0793398308812791151524776
6.87	-1.39520815078662739898638	-1.49375397004469340585485	1.1725264615326143512739796
6.9	-1.1903184264325836243182	-1.59245937112734434806864	1.2582165616976462812254309
6.93	-0.97406204694861576661128	-1.66938409468293669010383	1.3359304473790222480900684
6.96	-0.74896810119819074931281	-1.7234866772010722315076	1.4052353288723825037734778
6.99	-0.51766852785126727350354	-1.7540066544184599705309	1.4657474831206216182304045
7.02	-0.28286541453940654436831	-1.760474550995470377931839	1.517134120642333816084582
7.05	-0.0472985563984437498413	-1.742717531655146081745515	1.5591149512518124295712493
7.08	0.18628682722293579820548	-1.700861624381784439561436	1.5914634577462720543459801
7.11	0.41517319939171778433679	-1.6353306765240489396196	1.6140078899192326787286921
7.14	0.63670445372025761244645	-1.54684121973728168025829	1.6266319924379463938435755
7.17	0.8483183488541698154263	-1.43639298645257315925404	1.6292754793019941255612545
7.2	1.04757590463921238546256	-1.30525640058943571282925	1.621934265002787649640685
7.23	1.2321883210587752417406	-1.15495855214033632045731	1.6046604585359257516232701
7.26	1.40004338469936015666385	-0.987267312318788165838	1.577562121621640291603989
7.29	1.54923196678703610510436	-0.8041717988448063428404	1.54080278748446580423968031
7.32	1.67807296257726106326305	-0.60785843465172791623611	1.49460073197488407454038295
7.35	1.7851347443799417984334	-0.40068394647680542599954	1.43922798528842368478301049
7.38	1.869252809992806211453657	-0.18514700125099293582243	1.37500907056125216603781585
7.41	1.929544354301632349071886	0.03614143124546000779791	1.3023194555557965662007785
7.44	1.965419828516730149991349	0.26049002651073154660027	1.2215837056600294681247593
7.47	1.97659056171350740251902	0.48516148905601173772106	1.1332733304470563083504513
7.5	1.9630717690812359732986	0.70740780741073993102168	1.0379043217766873035856554
7.53	1.92518138466194149750478	0.92450451137746772336402	0.9360343883464584316273181
7.56	1.86353559764133723653234	1.13378343544424370419168	0.8282598990256139552571001
7.59	1.77904121762097313680054	1.33266481458065791858762	0.7152125544574956695959966
7.62	1.67288414519029527485252	1.5186893070050188538423	0.5975558125472902871943243
7.65	1.54651348404003825800427	1.68954918274549419753866	0.475981097967787373715817
7.68	1.40162195854178179138257	1.84311709983730229683149	0.3512038283816005084894272
7.71	1.24012393361391974673387	1.97747149609545398693844	0.2239592906926197131083453
7.74	1.06413169268181920204663	2.09091884963309677200679	0.0949983996424597404375476
7.77	0.87592949147828942756139	2.18201349974974442822955	-0.03491663092267323109364426
7.8	0.6779446862357523635359	2.24957501446392202221022	-0.16501667600767606803705932
7.83	0.47271628977195590234022	2.29270223168524201579768	-0.2945301202450143198116546
7.86	0.26286246820538953489349	2.310783154584247145164541	-0.4226872857372937379876939
7.89	0.05104839852331630087631	2.303500739780051385188688	-0.5487248405813213980145291
7.92	-0.16004537667754741378712	2.270835215997282589439052	-0.6718901599420186899807155
7.95	-0.36775497164757828889407	2.21306324022295757833257	-0.7914456091818667596555116
7.98	-0.56946596720546194589769	2.13075347424552108217029	-0.9066727162984819757239923
8.01	-0.762645967299339409122	2.02475808836813061038094	-1.0168761995624751318923031
8.04	-0.94487510365230057251697	1.89620047167384124251439	-1.1213878164483882015520115
8.07	-1.11387355999872344414754	1.7464601031978092640438	-1.21957000212859626161262
8.1	-1.26752673332805425322445	1.57715520611064770964563	-1.310819270038824469108185
8.13	-1.4039090828728685351699	1.39012284140384654716608	-1.394569353073094628279254
8.16	-1.52130654135916208308078	1.18739581664086883940301	-1.47029407129405792563206
8.19	-1.61823604283280537573068	0.97117676241518943067363	-1.537509919938993804152365
8.22	-1.69346093981596274031823	0.74381084360977272498638	-1.595778379184478765125919
8.25	-1.746002579193244204362	0.50775827146337138487044	-1.644707953872250965010969
8.28	-1.775149108676227646642253	0.26556624977899881190381	-1.683955956599222930739294
8.31	-1.780461627009055066926879	0.01983928689478224129303	-1.71323005083514793136281
8.34	-1.761776545113962899773325	-0.22679176243325781385068	-1.732289571874368166865863
8.37	-1.71920357546210987012681	-0.471699621730174089883	-1.740946642498595604676609
8.4	-1.65312064004086726329713	-0.71228751228846904814485	-1.739067097472090239598326
8.43	-1.56416753365869476351649	-0.94601368972523835679009	-1.726571226818884801519396
8.46	-1.45323846280792757584339	-1.1704158876356825043398	-1.703434342770277581832429
8.49	-1.32147196695776165017676	-1.38313663548755140203258	-1.669687169909633357758709
8.52	-1.17023742816371763739244	-1.58194803120617361168261	-1.625416052978628485836092
8.55	-1.00111917754186958124529	-1.76477416180760561302589	-1.570762972595106006311595
8.58	-0.81589943218352391344429	-1.92971099624909221546786	-1.505925356218353844868797
8.61	-0.61653975408475784928745	-2.07504468463487507875347	-1.431155670387602637499122
8.64	-0.40515978295394395305642	-2.19926846774220714364061	-1.346760780678128325480202
8.67	-0.18401309753901639172074	-2.301097184146224765656763	-1.253101067893102153371135
8.7	0.04453817118074981750519	-2.379478416616068655655327	-1.150589292472592534629113
8.73	0.27804814826941102047047	-2.43360047598642927551974	-1.039689203527857292556291
8.76	0.51401121508102269100283	-2.46289810927453317965754	-0.92091389377100530409992
8.79	0.74988644535587769448149	-2.46705625503892858174348	-0.79482390635568847456615
8.82	0.98312339168648328490979	-2.446011246421132482976	-0.662025103787171671785838
8.85	1.21118848770532454766055	-2.3999488575575779221068	-0.5231663122599017160145257
8.88	1.43159030887535332887642	-2.32929951930126182003794	-0.3789367569006917830547723
8.91	1.64190266168835054424161	-2.23473169057589152036737	-0.2300633045186615279608343
8.94	1.83978604958953491042376	-2.11714389015006820439425	-0.0773075308603772534350976
8.97	2.02300870781295341903598	-1.97765484328658852364857	0.0785373705755208019011719
9.	2.18946747404285534733263	-1.81759091947976018868946	0.2366498210025727119309832
9.03	2.33720741771600117079925	-1.63847099339321718370249	0.3961832124765194451237952
9.06	2.46443893415531059624777	-1.4419899986934656236807	0.556269369176979627951159
9.09	2.56955210919508691924382	-1.23000238101950815973995	0.716022094100864499293815
9.12	2.65112926856472399379203	-1.00450534775625473919543	0.87454078021941677066593
9.15	2.70795650622771365999221	-0.76762072874092618095537	1.030914064455856929229339
9.18	2.73903389326871061914491	-0.52157474970038798356031	1.184223503207143806257896
9.21	2.74358339775232901861277	-0.2686766623325805826156	1.33354725004835718099157
9.24	2.721054131189196177716173	-0.01129811277774406136213	1.477963720046148530990558
9.27	2.6711256379043703336543	0.24814584968251381260669	1.616555230860536921300941
9.3	2.59371015608009573610461	0.5072151544474552620904	1.748411618363656232823435
9.33	2.48895382326418171490459	0.76346418659403530596583	1.87263383343578648979066
9.36	2.35723595644661524429203	1.01446258275678635365217	1.988337536302598634613043
9.39	2.19916603667546569698245	1.25781560493746050093397	2.094656714517241549305895
9.42	2.01557929258795132405148	1.4911823333756586582858	2.190747359684878606045102
9.45	1.80753195643468222705741	1.71229200460516843969706	2.275791245522739395665242
9.48	1.57629578186230939877946	1.91896039867853473904312	2.348999855184346519486813
9.51	1.32335021610002780662731	2.10910705490478586295365	2.409618508427654777865626
9.54	1.05037184603761183216069	2.28077162165684896669647	2.456930738812433154955512
9.57	0.75922333610595497137969	2.43212728802087015377345	2.490262967485222987550063
9.6	0.4519445029658329171942	2.56149180948890609859051	2.508989513233524861943516
9.63	0.13074524663441890456609	2.667338806560396417644332	2.512537968502789942697328
9.66	-0.20200277843032238322858	2.748310895722697476517365	2.50039495824170764480442
9.69	-0.54377798660767754670228	2.80323351043747710177266	2.47211228315053501099734
9.72	-0.89192312708125709319675	2.83112766738054631571085	2.42731343160756308382462
9.75	-1.24365965624838092975841	2.83122171798791030166027	2.365700425740830623029552
9.78	-1.59610199195672142469285	2.80296320403687820834566	2.287060947315931452457159
9.81	-1.94627377999020712376879	2.74603068826791332220171	2.191275668843121061843955
9.84	-2.29112779863265616168755	2.66034386666280316262006	2.078325695065967434406924
9.87	-2.62756860390340102832077	2.54607082747529027221998	1.94830000025170691420302
9.9	-2.9524757020067384968372	2.40363339892316129080739	1.801402727908916869726524
9.93	-3.26272635971681732089136	2.23371238312442688458987	1.637960202146947879957388
9.96	-3.55521933261343826787252	2.03725288481963530223638	1.458427484303103355943929
9.99	-3.8269012594164696452792	1.81546776149396148547933	1.263394295157927166071387
10.02	-4.0747959041335962259483	1.5698370811200005131067	1.053590112529622756860488
10.05	-4.29603478566195214701317	1.3021036068136476487767	0.829888246814580946644463
10.08	-4.48788779398915022875001	1.0142662712117258099548	0.593308693674406684243992
10.11	-4.64779378777374030556315	0.7085730593274502920415	0.3450195641077856523849212
10.14	-4.77339205908793699564905	0.3875122289834408411387	0.0863368980882023906916241
10.17	-4.86255488655461721623916	0.0537991834624671365964	-0.1812773208001750112584988
10.2	-4.9134200672482511380495	-0.2896424997602711247527	-0.4562191154769284941597363
10.23	-4.92442195167376294065624	-0.6397045761550031743625	-0.736748573514994469617671
10.26	-4.89432046525270727314568	-0.9931195081397828740215	-1.020998128628398093572901
10.29	-4.82222856330892628141108	-1.3464866481183908409735	-1.306983147627357121137681
10.32	-4.70763819817641313090562	-1.6963009708550533312757	-1.59261486710666753922604
10.35	-4.55044354877224680486163	-2.038986879626327880209	-1.875715682216954286388919
10.38	-4.35095969302420287092297	-2.3709373449625884304881	-2.154036744620536179881955
10.41	-4.10993602249369891787257	-2.6885557224479410195239	-2.425277778913609193185122
10.44	-3.82856529603683458183895	-2.9882972757799393438847	-2.687108977166558046913365
10.47	-3.50848922197638252981254	-3.2667100739336511696934	-2.937194780544820133861489
10.5	-3.1517995243330791108773	-3.52047746510927688571516	-3.173219305970016727456203
10.53	-2.7610318209804539748882	-3.74646368814913611060595	-3.39291312523632132975734
10.56	-2.3391506563426767988728	-3.94176097717962110292854	-3.594081054751778579923249
10.59	-1.8895269961866198169797	-4.10373450158178920525142	-3.774630567092283439125693
10.62	-1.4159109293598718538113	-4.23006305267772180528093	-3.932600391971346813240557
10.65	-0.9224001104600218669263	-4.31877640951194637432096	-4.066188835379578936332169
10.68	-0.4134011795931348786817	-4.36829067637350381112831	-4.173781313084748379643465
10.71	0.1064182266310243049691	-4.377440081095225896217597	-4.253976570147130570907621
10.74	0.6321846360771302712377	-4.34550198068191192315137	-4.3056110434682665716969
10.77	1.1588755082662926988667	-4.27221424714800335305429	-4.327780821564663881168741
10.8	1.6813748820812973442477	-4.1577877311625791070368	-4.319860666563743391687693
10.83	2.1945311329229482782996	-4.00291582559780156447702	-4.281519589441382231987258
10.86	2.6932214568124661706565	-3.80877883827994045761594	-4.212732511940256043775667
10.89	3.1724226357880386527199	-3.57703903661313257954382	-4.113787608040946805062206
10.92	3.62728261491648671010531	-3.3098255030483329102168	-3.985288994203080273977893
10.95	4.05318823577239700030446	-3.0097116316773215975128	-3.8281545299174022401266575
10.98	4.44582889670213595154645	-2.6796872122591527575278	-3.6436085965709355325503356
11.01	4.80125780913170643615568	-2.3231233909766764845309	-3.4331698404643201590143141
11.04	5.11595016179607978803639	-1.9437279646268260594613	-3.1986339914028004460161202
11.07	5.38685474687405701042154	-1.5454919823401114622688	-2.9420519972349802423395116
11.1	5.61143604641421008208516	-1.1326321924972312301059	-2.6657038421090788640336431
11.13	5.78770651710044225051791	-0.7095331735668684224847	-2.3720685368279485320845515
11.16	5.91425039844558113848175	-0.2806890195066685751652	-2.063790878281913333643233
11.19	5.990239357136721783887631	0.149357979163970717266	-1.7436456666107472120260789
11.22	6.0154385717714636593042	0.5760823046890600173508	-1.4145001392173074882764249
11.25	5.9902019150071984899447	0.9950405097209452379093	-1.0792754266756378701826283
11.28	5.91545669768102524562228	1.4019320148573383568944	-0.7409078547558105113157001
11.31	5.79267982769183471390387	1.7926531348411348166084	-0.4023109083534177593371993
11.34	5.623866719943402821461	2.1633457677355262863328	-0.06633863757210715310240279
11.37	5.41149286321322842347374	2.5104430463359564654981	0.2642487745810114536698034
11.4	5.15846773827379869473143	2.830711623833219679871	0.5868166463909892296182155
11.43	4.86808236303824574745449	3.1212873605268480068268	0.898884098085285204240555
11.46	4.54395336058582294270888	3.3797013673252345892202	1.198148597848000978608316
11.49	4.1899661161829897721371	3.6038964831454333725323	1.482506454509971073510197
11.52	3.8102175593886997184682	3.7922369650002273563437	1.750069083357214179604619
11.55	3.4089577278845565369515	3.9435137292703442166791	1.999174994234366945227397
11.58	2.9905302751184293142769	4.0569447688142072296512	2.228397566801003549614567
11.61	2.5593144082697468757927	4.1321687066040593658205	2.436548782449251345097714
11.64	2.1196715463484441089466	4.16923077436606469403602	2.622679172858345381940952
11.67	1.6758979370055109358691	4.16856323174844136452819	2.78607431920085060246967
11.7	1.2321815383237111868833	4.13096319406072259975778	2.926248292309952984559228
11.73	0.7925609255699289321711	4.05756902407323671697984	3.04293446224726564079449
11.76	0.3608865565591779074371	3.94983420366422866631701	3.136074126075812767287413
11.79	-0.0592125668463329422326	3.809497701733894115698097	3.205803406354495335338455
11.82	-0.4643544060812931841806	3.63855200337494912201857	3.252438861620829061495951
11.85	-0.85142263923369889759095	3.43921116496122795992518	3.276462226049628587609685
11.88	-1.21758199263035672389026	3.21387983671766548524066	3.278504660992236901012689
11.91	-1.56029160512884981877663	2.96512228406174120941157	3.259330858792979422553468
11.94	-1.87731433665644581222725	2.69563109960263266326821	3.219823291749119510308215
11.97	-2.16671970288036486052746	2.40819776379880659894564	3.160966848838058870121227
12.	-2.42688188604670117125044	2.10568745788492029143344	3.08383405220203267280591
12.03	-2.65647708375039343757811	1.79101726574221664159229	2.989570996410712175080481
12.06	-2.85448246942266682777256	1.46713416619598131107255	2.879384107946869456676797
12.09	-3.02017489026930661761875	1.13699085667847415084823	2.75452778154923304156286
12.12	-3.15312633986764623867539	0.80352138092824683232099	2.616292914988807854532462
12.15	-3.2531958636885769615786	0.46961962044810262551818	2.465996335155305764042986
12.18	-3.32051987747509747077622	0.13812087491551709884598	2.304971086221369623943485
12.21	-3.35550222287535331205312	-0.188215972585249007405	2.134557535017929653152558
12.24	-3.35880332132157766940832	-0.50672743743455499004327	1.956095239165761682830516
12.27	-3.33132739592922659127282	-0.81486437067812033670265	1.770915519272317684783701
12.3	-3.27420810829716773151425	-1.11020836561784811787281	1.580334676718207717385694
12.33	-3.18879393298861837232921	-1.39048488121087453763772	1.385647802184444865233048
12.36	-3.07663381680634048259271	-1.65357482054839942255113	1.188123126007557345960614
12.39	-2.93946222458361613756748	-1.89752667359085863331958	0.988996868612140170607479
12.42	-2.77918245376685659864262	-2.12056937852992647713576	0.789468556677142415279349
12.45	-2.59784837983364450417641	-2.32112413161419264658287	0.590696777534680446340915
12.48	-2.397645965943008801003	-2.49781352910111570484393	0.3937953499999843225788211
12.51	-2.18087546978956811469577	-2.64946823135032373305991	0.1998298940705654456525489
12.54	-1.94993375881781154347012	-2.77513265478245617646755	0.00981478465372665958371555
12.57	-1.70729532093207980996204	-2.87407066765335919645959	-0.1752895241497223249863578
12.6	-1.45549146788074542679391	-2.9457706918102495843117	-0.3545788173361423107567863
12.63	-1.19708888900836011886364	-2.98994883984705651126416	-0.527207093281400579046662
12.66	-0.93466922126786993515236	-3.00654950291245151897379	-0.692388207963418606985504
12.69	-0.67081002024230954604132	-2.99574409403859142602244	-0.849397203557440367954651
12.72	-0.40806585400282152148783	-2.95792893531455218016341	-0.997571336120712736692716
12.75	-0.14894809973413871673322	-2.893722348094181546644287	-1.136310817165134656197156
12.78	0.10409637083785249926801	-2.803960098340719177039285	-1.265079283915832896938116
12.81	0.3487058550826838776364	-2.68968858320243642592871	-1.383404013156047254401327
12.84	0.58262234112000165315684	-2.55215616497684719140724	-1.490875893944621853916266
12.87	0.80370826594855456458431	-2.39280350555535322151936	-1.587149175270682392461204
12.9	1.00996322952461313536782	-2.21325300181699679968916	-1.671941005871457065556799
12.93	1.19954159445206649830868	-2.01529644125791143692211	-1.745030784839629817357022
12.96	1.37076983443891690055563	-1.8008801763196248238504	-1.806259343022781398544533
12.99	1.52216156905098024134472	-1.57208839366515308952052	-1.855527976229089337771992
13.02	1.65242954409810043843936	-1.33112579949008161040124	-1.892797351541899258471247
13.05	1.76049573291586704314323	-1.08030013683931484726689	-1.918086307296545151860507
13.08	1.84550083366826080107464	-0.82200353032710988297339	-1.931470565270311813825667
13.11	1.90681274135937148523884	-0.55869185069668547757009	-1.933081370302925880189444
13.14	1.944032616635816624287008	-0.29286315622925434886271	-1.92310406797921028497414
13.17	1.956998451554619117321781	-0.0270371912892712645192	-1.901776625401166294752317
13.2	1.945787659917667851328918	0.23626385937051054324211	-1.869388093822601702155597
13.23	1.91071959294135159761082	0.49453562581213842003773	-1.826277005486091419279791
13.26	1.85235668121335932647524	0.74531486498690739573215	-1.772829690919026169641551
13.29	1.77150220377290058233031	0.98620505909266524157207	-1.70947849775304809248182
13.32	1.66919437728480491681071	1.21490163490467652094326	-1.636699888330388881371699
13.35	1.5466980596556838794153	1.42921527042128966297586	-1.555012391364590508769958
13.38	1.40549479590228996968821	1.62709402384615866411961	-1.464974383011986620541399
13.41	1.24727034747810779209098	1.80664550827368134071679	-1.36718167499394883295393
13.44	1.07389865085023690423248	1.96615885547294534394811	-1.262264891801709823378971
13.47	0.88742263032038575316464	2.10412497332866929917703	-1.150886625223266835246539
13.5	0.69003344494775315004353	2.21925406871446055956827	-1.033738361969688316898581
13.53	0.48404908614998176814516	2.310490718503965892311	-0.911537188404942362846817
13.56	0.27189162478914593073378	2.37702721915538202370162	-0.785022284567625099336985
13.59	0.05606184950009340277023	2.418315152811430020975883	-0.654951227081191552981135
13.62	-0.160888774249338087466	2.434074246970433219344199	-0.5220961265478918706607364
13.65	-0.3763873461719531921072	2.42429776213656003194912	-0.3872396291762414293064715
13.68	-0.58786833689665700330353	2.38925452699030432768432	-0.2511708145438303345415517
13.71	-0.7928016528008287330009	2.32948819900456191154885	-0.1146810216968537928983055
13.74	-0.98872089883830106680239	2.24581384238499502619317	0.02144036533029035101310085
13.77	-1.17325252744659073111379	2.13931120885233921724172	0.1564101433930576325813787
13.8	-1.34414515493548996066396	2.01131418591061547134378	0.289455500312544611875272
13.83	-1.49929738713672130445543	1.86339674122170398640478	0.4198181833972867653729014
13.86	-1.63678305350900978455248	1.69735630637161235439911	0.5467586011826671024969422
13.89	-1.7548741080866634283724	1.51519511749179391025403	0.6695598326803615917321696
13.92	-1.85206205431265953416523	1.31909904888451627107671	0.787531517198744359351483
13.95	-1.9270779710560766247701	1.11141319267291522044581	0.9000135963256911443754442
13.98	-1.97891005838892844641613	0.89461435719563726866393	1.0063798786106704297133509
14.01	-2.00681748430446453446391	0.67128181464118639703386	1.1060413974795327798972882
14.04	-2.0103403366914881666068	0.44406763719407865041142	1.1984495344357049003997292
14.07	-1.989306406944195154830608	0.21566670485544730988207	1.2830988828503995977094342
14.1	-1.94383525268416724678039	-0.01121459789596351411362	1.3595298325166671866685836
14.13	-1.874338950722749327767961	-0.23389146921898545626816	1.4273308612450198029495095
14.16	-1.78151859847868670212883	-0.44973439310163251137159	1.4861405265076093779592272
14.19	-1.66635650584017651413695	-0.65620145317232070272218	1.5356491567840599120205713
14.22	-1.53010498745501001204898	-0.85086831341088402891717	1.5756002481239084037309048
14.25	-1.37427236970739501405359	-1.03145660149825185455667	1.6057915759251573342747949
14.28	-1.20060573095012676956743	-1.1958615301577416662031	1.6260760346233939934513867
14.31	-1.01106984406796383156342	-1.3421779588899877231231	1.6363622186998151548268749
14.34	-0.80782328395699302351799	-1.46872308441689307343658	1.6366147571873039185024753
14.37	-0.59319367088818229773596	-1.57405522397928967376715	1.6268544109315076344329045
14.4	-0.36965271251982034391478	-1.65699012076132475618276	1.6071579376744366652316655
14.43	-0.13978947513324017048355	-1.716616097169869411252819	1.5776577251243618498784285
14.46	0.09371982582190098371722	-1.752307336502559071330349	1.5385411871824220640149208
14.49	0.32814497379944485498343	-1.763733414463879633283012	1.4900499140513763994188576
14.52	0.56073558429900912984409	-1.75086428876463741584462	1.4324785636477099352897879
14.55	0.78875421801153059201434	-1.7139714474042150068015	1.3661734800642008039055893
14.58	1.00950928029479962440148	-1.6536257795693736107108	1.291531025119557472153176
14.61	1.22038857056234915474978	-1.5706915694006874185825	1.2089956114181437753028587
14.64	1.41889290528956562141793	-1.46631580477942865184191	1.11905742972953803211855105
14.67	1.60266804976074469306609	-1.3419131611694998850218	1.022249869550327350020959285
14.7	1.76953371005919442844304	-1.19914799830594052436006	0.91914663887800407440955121
14.73	1.91750976120947397578258	-1.03991420389446725508816	0.81035859679624559578817795
14.76	2.04484046955209643777593	-0.866312407176199129916	0.69653031965625429544487077
14.79	2.15001669615382183349625	-0.68062367155040374977177	0.57833642769561173866328269
14.82	2.23179507683486730306255	-0.48527983787540426245095	0.45647770328472688208175719
14.85	2.289213189454661307850503	-0.28283199865155157072559	0.33167703432590735434115315
14.88	2.32160062337659003913982	-0.07591861041453170514285	0.20467521668717433753619494
14.91	2.32858651266961324431963	0.1327665152902304207647	0.07622664831252001734892104
14.94	2.31010378897426471139332	0.34050716831700682887861	-0.05290505453393829525320953
14.97	2.2663896996188391662476	0.54459908851501188938851	-0.18195149077092617047813281
15.	2.19798203645687880081644	0.74238475931509631153085	-0.3101439313745553976229287
15.03	2.10571121475869051164239	0.93128689628133732171281	-0.436717773862040671735619
15.06	1.99068896682735318206761	1.10883958440303005591995	-0.560916967910826371677751
15.09	1.85429417230733096610951	1.27271741898650404555529	-0.6819983837970518060974035
15.12	1.69815555001466752496249	1.42076351104711401706475	-0.7992360928994035549049589
15.15	1.52413067494028787052924	1.55101629182934473531194	-0.9119255272322215086995292
15.18	1.33428155819639570416189	1.6617338237310549000134	-1.0193874836401228927805727
15.21	1.13084801648407298126792	1.75141426938475475036409	-1.1209719385689275466337214
15.24	0.91622002637920596215461	1.81881236787229436179141	-1.2160616416195214699596506
15.27	0.69290911911716531158068	1.86295280892570360700625	-1.3040754604471886171106332
15.3	0.46351796838881670065571	1.88314108168878479688587	-1.384471455703603175839388
15.33	0.23070789318591932371438	1.878971193063240704344893	-1.456749672070276700171134
15.36	-0.00283447662762445343016	1.850329189468427683284376	-1.520454639267008721212798
15.39	-0.23442950746902039871695	1.797392318658338900497529	-1.57517758445101244691798
15.42	-0.46143519212016117805371	1.72062471845019634736391	-1.620558363926312087091892
15.45	-0.6812770553515345921656	1.6207702380603616901727	-1.656287126981715033181064
15.48	-0.89147808259958917468602	1.49884182826300288081497	-1.682105727597275016843443
15.51	-1.08968747605750711373096	1.35610684719226710206838	-1.697808900561189576241986
15.54	-1.27370599124114081429384	1.19406921605768621403397	-1.703245217304536034900851
15.57	-1.44150717828548064718786	1.01445054085358266670554	-1.698317833773221077231266
15.6	-1.59125621296104531549234	0.8191711284888005757274	-1.682985038357808523385511
15.63	-1.72132810675262437866752	0.61032958478557871178418	-1.657260602845474305834013
15.66	-1.8303249696317943050124	0.39017939503468142956773	-1.62121393415270349924766
15.69	-1.917090608572846287509632	0.16110289234919068174845	-1.574970019849686814739967
15.72	-1.980721624267260177588762	-0.0744155132619467447702	-1.518709156747105153067858
15.75	-2.020575598315351175388879	-0.31381591913861495453932	-1.45266644952135568674552
15.78	-2.03627688550919325873422	-0.55449019854683224070225	-1.37713106578590872277198
15.81	-2.02771940962628281088116	-0.79381092309132337394427	-1.292445235263064851488822
15.84	-1.99506559954686580921838	-1.02916123047345471809858	-1.199002983652434866159923
15.87	-1.93874167090932376652229	-1.25796368802195243467984	-1.097248596110290480654045
15.9	-1.85943040825967442035255	-1.47770689937074442024895	-0.987674810463600335765059
15.93	-1.7580621723540751884204	-1.68597029868934064174783	-0.870820745799926282988715
15.96	-1.63580363645791683561771	-1.88044827641435216208131	-0.7472695773011878665744363
15.99	-1.49404335792071493156807	-2.05897383993152788010955	-0.6176459726091692391245196
16.02	-1.33437428657095947678497	-2.2195407060616088332334	-0.4826133082767117817441612
16.05	-1.15857452383937112602399	-2.36032257882379569434187	-0.342870686853621824315277
16.08	-0.96858759697617821245652	-2.47968943015398307009596	-0.1991497760084080281278336
16.11	-0.7665022115458410435428	-2.57622155837125528755421	-0.0522114911319602271426076
16.14	-0.55453040860332287824511	-2.64872201133962850781815	0.0971574574347559376158379
16.17	-0.33498353818289189028752	-2.69622701735219947473814	0.2481481315967790964299917
16.2	-0.11024697764838604512034	-2.718013592468724050345894	0.399933025901232216386102
16.23	0.11724464914392083514624	-2.713604043307843593966521	0.5516697990407139488262612
16.26	0.34503085015414328936115	-2.68276793137787900464703	0.702505053025964392477239
16.29	0.57064796211683747052695	-2.62552215380946805848117	0.851578135129827896783484
16.32	0.79165244566848011777815	-2.54212906636629500124309	0.998024936659810252536715
16.35	1.00564488291187135339303	-2.43309203842396101428973	1.140981662573259401641349
16.38	1.21029319036393424962685	-2.29914828622336328364493	1.279588547426766325493785
16.41	1.403353410090302070091	-2.14125979414297422945868	1.412993496494627667136952
16.44	1.5826879833885539405713	-1.96060335075161837957548	1.540355636199366124260246
16.47	1.74628291814574917916589	-1.75855977141360534719358	1.660848765099864096174869
16.5	1.89226498631498544378504	-1.53670136724556601709006	1.773664705161240144800487
16.53	2.01891836906578663984003	-1.29677705570063834971779	1.878016562276818818926141
16.56	2.12469911887031541148148	-1.040695998079593297203	1.973141914307197852367126
16.59	2.20824675725759495677522	-0.77051142548342037519812	2.058305953499262550194879
16.62	2.26839403448962075711508	-0.4884050957105840924505	2.132804617355295354056629
16.65	2.30417601266741825935104	-0.19667091706932499346164	2.195967747258366830180856
16.68	2.314837962038053953664006	0.10230365363218350214153	2.24716231699867133183437
16.71	2.29984054779904664884147	0.40605735111195704299356	2.285795773535382497992107
16.74	2.25886222944652419201143	0.71207303047159736959309	2.311319529796819525492998
16.77	2.19180091884513816171618	1.01779239604837866383586	2.323232644160696208298439
16.8	2.09877664473673133721486	1.32062956101279889353138	2.321085713700637967830808
16.83	1.98013447720718046859782	1.61798651008859851470094	2.30448499868085866578789
16.86	1.83644572362653034251682	1.9072710492246834768181	2.273096784549360038267214
16.89	1.66850699836416867687624	2.18591525487818582546698	2.226651975280917340668427
16.92	1.47733861217438463058291	2.45139288953744323925319	2.164950898815740014024867
16.95	1.2641830364515825983671	2.70123649531416815689557	2.087868291958093941589607
16.98	1.03050200601503099897961	2.93305564998927198485473	1.995358418813973350859655
17.01	0.77797032100175638139763	3.14455641569282041098371	1.887460263956815915726151
17.04	0.50846644594697232370494	3.33356056358231837510207	1.764302729235531559970654
17.07	0.22406205046265967572781	3.49802358128956558489897	1.626109751630166666116862
17.1	-0.07298786716656714888796	3.6360519942292661028374	1.473205248918602555731139
17.13	-0.3802551165648335079819	3.74592111808284700227985	1.306017790224430970446693
17.16	-0.6951511219069268590885	3.82609338261158942314749	1.125084879866356726152387
17.19	-1.0149436884005635470874	3.87523620600131723573336	0.931056735460003889187449
17.22	-1.3367765405543174826721	3.8922385324022176218978	0.724699435130642165246691
17.25	-1.657689413640779633698	3.87622630726313444663264	0.506897304238279314656227
17.28	-1.9746379911378029426418	3.82657776498012826575971	0.2786544094973260139226416
17.31	-2.2845152659064339812849	3.74293856354837002150973	0.0410950281055103828308383
17.34	-2.5841763800157816209495	3.62523548861364740588831	-0.2045370382361521748986271
17.37	-2.8704671478575948531039	3.47368733117664821067394	-0.456880429518401449444989
17.4	-3.1402543511112214061893	3.28881291713937255385568	-0.714459591075513315399442
17.43	-3.39045581412725285111928	3.0714375611873425832724	-0.975689641225647519428631
17.46	-3.61807020957082919983376	2.8226987664643907511995	-1.238882835983345770417947
17.49	-3.82020823836478576163632	2.5440501014919242062975	-1.502256707912824159640996
17.52	-3.99412633813990753966613	2.2372610030605263800207	-1.763943937793098210224284
17.55	-4.13726198481898748836679	1.9044113621235974674101	-2.022003997124974330463691
17.58	-4.24726837506841132079944	1.547882148027726651531	-2.274436576670477628715752
17.61	-4.32204724141197765893759	1.1703442866879633043791	-2.519196791097720917139764
17.64	-4.35978050556852123066188	0.7747461618401050424908	-2.754212122201998906428016
17.67	-4.35896196124007205949052	0.3642973264138836220337	-2.977401032783173505632146
17.7	-4.318428539513431403828502	-0.0575544041806421736913	-3.186693149739657444708
17.73	-4.23738900350259435897732	-0.4871524859704588589872	-3.380050877999213379363308
17.76	-4.1154483712237435074618	-0.9206647902191535383343	-3.555492266406514502703049
17.79	-3.95262834956624010139423	-1.3541177898281890761457	-3.711114902745637263178443
17.82	-3.74938466824625306421615	-1.7834328140182410858612	-3.845120568169367188065821
17.85	-3.50662025759146286706702	-2.20446756508809179467631	-3.955840332352293778669217
17.88	-3.22569150637008351084532	-2.61306355725499097329129	-4.041759721086683776330366
17.91	-2.90840660678246744435955	-3.00509572955643576590672	-4.101543539706309264088359
17.94	-2.55701867689640508044094	-3.37652011054656804879715	-4.1340598910298705804174
17.97	-2.1742167074741885299146	-3.72341999914116292582291	-4.138402888226106316316398
18.	-1.7631129996360791390676	-4.04205472200670702818261	-4.113913534138806365618685
18.03	-1.3272221220481207236556	-4.32891282676863998864906	-4.060198222277075078471708
18.06	-0.8704286305064616622926	-4.58076663427513500507601	-3.977144313852124872527042
18.09	-0.3969461096800052625487	-4.79472371562073412411487	-3.864932262540779061971125
18.12	0.0887283512800286402708	-4.968273815335838323182303	-3.724043796083213526448675
18.15	0.5818638152340759864241	-5.0993320967760345313048	-3.555265722540323903304982
18.18	1.0775522578576398644181	-5.18627835112153676100343	-3.359689009159954203675677
18.21	1.5707738455373140049451	-5.22798952332793187055773	-3.138702882250185430183027
18.24	2.0564675815077905846278	-5.22386320406395373688209	-2.893983814878180259545948
18.27	2.5296021247242327104846	-5.17383226529245103362205	-2.6274794019904897366369519
18.3	2.9852441698642087376899	-5.07837218094921388440819	-2.3413872649212146706629584
18.33	3.4186256123680491871906	-4.9385011081595442305089	-2.0381292735136277994111071
18.36	3.8252113603186761553191	-4.7557706517182600736917	-1.7203215178835425340714102
18.39	4.2007666529504877247612	-4.5322454537409054244596	-1.3907405965833015617705274
18.42	4.5414197324647463142376	-4.2704724369206428549125	-1.0522869071124490860455024
18.45	4.8437160088269406525678	-3.973442706884110301506	-0.7079457224629568281980756
18.48	5.1046629014127378146518	-3.6445483519100147055198	-0.3607469087500086695814282
18.51	5.3217669156772025300132	-3.2875337127199227368599	-0.01372418033793556194856565
18.54	5.49306392710825054105079	-2.9064394744565952012196	0.3301252018453152307392126
18.57	5.61714130360106937589149	-2.5055398958389259047123	0.6678794062809617329033617
18.6	5.6931494265100550941438	-2.0892766694309193834455	0.996728852889205260825072
18.63	5.72080169878249612994429	-1.6621937783701521613533	1.314010135377063456350036
18.66	5.70036455735179774193493	-1.2288752095846666876438	1.617236404541951041898589
18.69	5.63263977574308703123589	-0.7938842103823379549046	1.904123698038233641603376
18.72	5.51894000943359618151001	-0.361702467778624051471	2.17261283936451857315145
18.75	5.36105712638596530592018	0.0633294983370468492235	2.42088667202144968150191
18.78	5.1612233115498909605808	0.4770666616353045441729	2.647382537544663167511892
18.81	4.92206672300119283590009	0.8756052003382131488822	2.850800042476677350541972
18.84	4.64656432795040933267574	1.2553199977082272429976	3.030104284072080139047201
18.87	4.33799331753928225143306	1.6128971003236871086985	3.184524813361993822150736
18.9	3.9998807455112040654991	1.94536307012747262384466	3.313550703985255851236205
18.93	3.63595113141408890396057	2.25010946598349392791684	3.416922163967663173979825
18.96	3.25007373664640153458843	2.5249090037235379658533	3.494619174628677759217588
18.99	2.84621238229156078118842	2.76792243954350231534755	3.546847666362543076038597
19.02	2.42837906372799884311221	2.97769897013248717953317	3.574023746503288814364917
19.05	2.00059001953091620932003	3.15317338755772915285289	3.576756481969710405602071
19.08	1.56682299946317349684342	3.29366007142032644061406	3.555829711626834876989611
19.11	1.13097758251607647176639	3.39884171161773397322009	3.512183323411609831164435
19.14	0.69684217176866159313671	3.46875267823482613980363	3.446894382547732257190789
19.17	0.26806837466009093372892	3.5037603441270744107418	3.361158442898429290902987
19.2	-0.15185111830289210376603	3.504547411774227450032303	3.256271316776111850568704
19.23	-0.55960538838447530117432	3.47209458374638722696925	3.133611522127127478907483
19.26	-0.95208862191183994606395	3.40766082627210699954135	2.994623572304006756274162
19.29	-1.3264200696901232270203	3.31276047943238570575718	2.840802224508823770288332
19.32	-1.67995826052144321172822	3.1891392256563054061057	2.673677759805019078768071
19.35	-2.01031111230010924076553	3.03875064258526051563312	2.494802331196517482269415
19.38	-2.31534497868370676537275	2.86373269194691434558869	2.305737387010064432399806
19.41	-2.5931933388385293709383	2.66638267649502689481132	2.108042154585147481466382
19.44	-2.84226323537661023674262	2.44913098015902958178486	1.903263153583516465052796
19.47	-3.0612377787028173767216	2.21451569727526750744405	1.692924698276783481186594
19.5	-3.24907534380921520378898	1.96515958310762066715101	1.478520342938639078289046
19.53	-3.40500752896667330230324	1.70374840655612367483795	1.261505222822570107957204
19.56	-3.52853705033545529105956	1.43300861271168474324516	1.043289243993991242331126
19.59	-3.61943487368025408527305	1.155683576864618354753	0.825231077433394539870273
19.62	-3.67773522945286958984418	0.87451000082318822925212	0.60863291542227460478679
19.65	-3.70372819946865420743005	0.5921965405988245190834	0.3947359505779849319767503
19.68	-3.69795082775115545550778	0.31140498801312659946227	0.1847165395869132891616455
19.71	-3.661177719830776869968468	0.03473229675799530457192	-0.02031698547441569360061355
19.74	-3.59441104105714266303528	-0.2353082771359993669295	-0.219326895289432284599684
19.77	-3.49886911532905828656724	-0.49630668055553014775362	-0.411348068500648751752302
19.8	-3.37597329962434776016219	-0.74597423788267119132028	-0.595489462319418177663192
19.83	-3.22733377946709163887934	-0.9821589268017663536574	-0.770935087648165116221063
19.86	-3.05473511674587925750812	-1.20285824241629852609757	-0.936944528271841794950875
19.89	-2.86012152624986027617166	-1.4062315390247671073422	-1.092853043714864878025983
19.92	-2.64558105484621183202168	-1.59061296632267815916177	-1.238071294977590058023996
19.95	-2.41332817825770346617604	-1.75452409548598129529841	-1.372084731659089257857593
19.98	-2.16568549132676311312177	-1.89668435679807500317919	-1.494452678093878879034027
20.01	-1.90506569840801432200692	-2.01601854823127933552781	-1.604807155230961442454457
20.04	-1.63395419218712316269204	-2.11166256117922262877958	-1.702851474159133260314304
20.07	-1.35489110739639498996314	-2.1829689005311488068013	-1.78835863643320932449909
20.1	-1.07045161002448334868192	-2.22951208019274518406311	-1.861169575574063297600245
20.13	-0.78322471963855750541144	-2.25109237926977137921893	-1.921191273099893732720161
20.16	-0.49579244900278049027551	-2.24773667428579982151724	-1.968394780938535795022807
20.19	-0.21071058037166283179174	-2.21969674949515354978822	-2.002813179805746572722629
20.22	0.0695096015127913273677	-2.167446412747421371662187	-2.024539499893385986450865
20.25	0.34242029236038327197412	-2.0916777778044147671103	-2.033724625868106840481137
20.28	0.60565706284496959952139	-1.99329579687063652844517	-2.030575202734085987219125
20.31	0.85695780145301847361766	-1.87341062772979129233886	-2.015351552699940307021266
20.34	1.09417921405466473894673	-1.73332905001548649890226	-1.98836560608267235069905
20.37	1.31531202651785429474925	-1.57454620156197090350692	-1.949978841867537962634315
20.4	1.51849743850149076562702	-1.39873678189104389737781	-1.900600226291708558114414
20.43	1.70204551822048855694419	-1.20774338328718709147426	-1.840684131242464840516349
20.46	1.86445347889364618910083	-1.00356097747288210946045	-1.770728208864103871188834
20.49	2.00442151983823866671337	-0.78831904715123675209249	-1.691271195007224098313911
20.52	2.1208659810333350499344	-0.56426318441262866450439	-1.602890612388350844160441
20.55	2.21293098329970636445743	-0.33373602068959581046768	-1.5062003447781184874174
20.58	2.279999006727389597659858	-0.09915595191263276247397	-1.401848056252832283017783
20.61	2.321699498952763532219116	0.13700690586374792924705	-1.290512434385660152371912
20.64	2.33791454559831109113888	0.37225614830448006896553	-1.172900242881875717406289
20.67	2.32878173249969272488339	0.60409408249403694055041	-1.049743177059406667362036
20.7	2.29469495265984199758917	0.83004597205269252765511	-0.92179452408435028923411
20.73	2.23630327522378916164118	1.04768472663559143867824	-0.789825638260837758071437
20.76	2.15450705468287609410609	1.25465700488931852514175	-0.654622249228623401248132
20.79	2.05045051944908999501647	1.44871009368063853466881	-0.5169806270332024153673548
20.82	1.92551110630762049097691	1.62771783170084656742063	-0.3777036322974555823681635
20.85	1.7812865257126625725429	1.78970441008040475215498	-0.2375966820062871407452552
20.88	1.61958005985725621298482	1.93286631753274606339379	-0.0974636618777810748421121
20.91	1.44238351410189365956475	2.05559333939338330738394	0.04189718463583582916626236
20.94	1.25185693862284205867292	2.15648875358369588813684	0.1796973623865631185002848
20.97	1.05030519153326100793169	2.23438770626688913397484	0.3151621991075519211996512
21.	0.84015259108263268040555	2.28837255485168191601051	0.4475348634008364963766225
21.03	0.62391693214277989955491	2.31778487752727906430712	0.5760803015665613368513537
21.06	0.40418294446851214770825	2.32223473175992820730373	0.7000890683863940357388623
21.09	0.18357422659852647213465	2.301607599471670324841961	0.8188810260219463101740613
21.12	-0.03527692320171587355977	2.256068587609613786138482	0.9318088840863268704873866
21.15	-0.24976088596620004939184	2.186063030511263873698704	1.038261553296556552310487
21.18	-0.45732151899998533475331	2.09231322941370656036004	1.137667285493630921143108
21.21	-0.65548532959714992203305	1.97581191676372692412114	1.229496574640775975528168
21.24	-0.84188956202321672930774	1.83781303848156045278159	1.313264796837478048291858
21.27	-1.01431028350310012494647	1.6798195940244861001389	1.388534572283372446952976
21.3	-1.17069036807472157705952	1.50356775344750524189151	1.454917838091328389227991
21.33	-1.30916573479766746293064	1.31100715684740431558879	1.512077627289985560100879
21.36	-1.42808818389897003734674	1.1042784666956957926649	1.559729555589979333613421
21.39	-1.52604472131096931869288	0.8856893394902829064997	1.597643022851306821528434
21.42	-1.60187439742844366975194	0.65768876775552851545967	1.625642140131036099219907
21.45	-1.65468297765036138887889	0.4228389181735582809958	1.643606395341157111967657
21.48	-1.683854362546206443285571	0.18378461556386496186327	1.651471070753495215258663
21.51	-1.689057820961000739072884	-0.0567776475253131047618	1.649227423923392481914633
21.54	-1.670251786686126415086445	-0.29612943657290012414392	1.6369226403419400074162442
21.57	-1.6276857191751501813143	-0.53155938895137876374307	1.6146595617108632106468913
21.6	-1.56190005169438978451523	-0.76039362837742812292795	1.5825961887261150456892737
21.63	-1.47372256275029077478176	-0.98002836324613562287346	1.5409449522803135029239468
21.66	-1.36425998597526626557085	-1.18796293382644548876226	1.489971742679799188984775
21.69	-1.2348855302308942284499	-1.38183101689926577788011	1.4299946833952080777884867
21.72	-1.08722357816025720786013	-1.55942939922922339883872	1.3613826344910075816396916
21.75	-0.9231315822254431811838	-1.71874515048520764144001	1.2845534115138492424781673
21.78	-0.74467814626888377183483	-1.85798150004689582408383	1.1999717083623747761746799
21.81	-0.55411705559137431668243	-1.97558136797227616957707	1.1081467173817585223634839
21.84	-0.35385860449109915182062	-2.0702472480654852516804	1.0096294462584722742899172
21.87	-0.14643991302175331314458	-2.140957178140622576812733	0.9050097386570496981274312
21.9	0.06550537700433578183353	-2.186977405960935645287329	0.79491301321085458643872572
21.93	0.27927893654208883720852	-2.207872054400563645455284	0.67999674266170007419646153
21.96	0.49215174751643702713809	-2.20350921249494946898564	0.56094670090216174754901444
21.99	0.70139940225060765726949	-2.17406268362151916244356	0.43847300985126662970341907
22.02	0.90433688431352054681914	-2.12000937179965726600826	0.31330602021497734745432194
22.05	1.09835164792389058633017	-2.0421230117756978559444	0.18619206032030894783515776
22.08	1.28093524161435495314071	-1.94146474806676838835167	0.05788908578217301487329901
22.11	1.44971430071295040347088	-1.81937025830804125889109	-0.07083773955337058359644514
22.14	1.60248088151570135763901	-1.67743281848318699782956	-0.19922050334310497946659083
22.17	1.73722089672184944397258	-1.51748242723724413012079	-0.32649301884390299250208167
22.2	1.85213925167084775703499	-1.34156205842354946087494	-0.45189528760952795068033071
22.23	1.94568131330299081354294	-1.15190213979785318463774	-0.5746779242266989973984268
22.26	2.01655134580114417904599	-0.95089336920495232053528	-0.6941065146136842414316867
22.29	2.06372841185972118746962	-0.74105715375221946717811	-0.8094658769330511168834752
22.32	2.0864792553993118271535	-0.52501338322133203327013	-0.9200641919126788032888342
22.35	2.084367132532644780520508	-0.3054465693224271596134	-1.0252369681230941835685416
22.38	2.057256144837728841409459	-0.08507209101307775363805	-1.1243508081746210043268419
22.41	2.005311628020647383264567	0.13339653025797760619713	-1.2168069442435110517359306
22.44	1.928997327276313178867224	0.34727987764700971446164	-1.3020445158333481976878805
22.47	1.82906928597281560427266	0.55396534379311868222857	-1.3795435689076289829580568
22.5	1.70656574549550101735752	0.75093996967975407297975	-1.448827762902271752687801
22.53	1.56279287926921286906402	0.93582165569605363212677	-1.5094667798926533050182704
22.56	1.39930725986502544605349	1.1063871772521905830842	-1.5610784375597439839351827
22.59	1.21789607374331523660661	1.26059710042679733932111	-1.6033305138587302472909636
22.62	1.02055497233932321727655	1.39661870428576171397117	-1.6359422958859175216274084
22.65	0.8094627394670495388556	1.5128470084943869881928	-1.658685868023902047335643
22.68	0.5869530896486643356216	1.60792239469620259707611	-1.671387154913221205282497
22.71	0.3554856979400047145162	1.680743554100520167372283	-1.67392673326970421901555
22.74	0.11761839275894509516388	1.730476536331565259465385	-1.666240423357223011846164
22.77	-0.12401992258787597405896	1.756561776274655839103896	-1.648319666507194465342838
22.8	-0.36675768792606312710607	1.75871962787067081237221	-1.620211690024268554964058
22.83	-0.60791128127873770627564	1.73695310429325308211906	-1.582019455754908449235319
22.86	-0.84481625728659639261524	1.69154668607054240101537	-1.533901384134471502169199
22.89	-1.07485726556388666410126	1.62306161775496872294094	-1.476070842213830969727097
22.92	-1.2954963912082154978441	1.5323286246329729816457	-1.408795382422003417072611
22.95	-1.5043009356453915772812	1.42043788078432517976674	-1.332395718902087963806716
22.98	-1.69897091555838978868776	1.28872523403594148750165	-1.247244430217482351059297
23.01	-1.87736503903288820333599	1.13875453446119627893411	-1.153764380900285727909034
23.04	-2.03752365866325587092972	0.97229739731334682940184	-1.052426859334010722877162
23.07	-2.17768840659315395875921	0.79131193071351604164514	-0.943749435291764355887557
23.1	-2.29631930982083302177973	0.59792060676172609612655	-0.828293546455665888162838
23.13	-2.39210995934470276387555	0.39438623052590987642295	-0.7066618287862154628237052
23.16	-2.464000285504251626863791	0.1830853629317792424221	-0.5794952101530410007534628
23.19	-2.511186051123977343189151	-0.03351989273862673117915	-0.4474697898342942381942971
23.22	-2.5331248023474149994129	-0.25290995152264342186769	-0.3112935282487372444335702
23.25	-2.52953884593666695427548	-0.47253467573999086529488	-0.1717027717781950142402086
23.28	-2.50041582415834427705627	-0.68983975090657044853471	-0.02945863716883265604554522
23.31	-2.44600672641233371918406	-0.90229361597218612078759	0.1146567207039937454459904
23.34	-2.36682074469360507302515	-1.10741498151769605712488	0.259843934433634636697044
23.37	-2.26361688640283555542048	-1.30279954513470576695949	0.4052903196939725223219469
23.4	-2.13739312032844596787368	-1.48614436519076387213983	0.5501738166975932359575313
23.43	-1.98937395149357013337814	-1.65526964171848645079064	0.693666951895899538996411
23.46	-1.82099647592816973824167	-1.80813891455517151082284	0.834940792649635578446081
23.49	-1.63389417941560388494843	-1.94287852688298602597195	0.97316886626835234993362
23.52	-1.42987809455307065235313	-2.05779587692402150353802	1.107531014449050030714379
23.55	-1.21091617028864327805192	-2.15139508902316130336783	1.237217155285877858968726
23.58	-0.97911239845084177559813	-2.22238934395638486342015	1.36143092803298618754121
23.61	-0.73668641783310941170557	-2.26971049812415397003971	1.479393200778661616585456
23.64	-0.48595278645458850969842	-2.29251714372218890343317	1.590345427946707287405598
23.67	-0.22929869907813665320087	-2.29020134023949848124448	1.693552852644743636019134
23.7	0.03083970544072106341587	-2.262393116518317302347168	1.788307557707540677432843
23.73	0.29200068603011592475054	-2.20896201241468559847368	1.873931378117232030767074
23.76	0.55171834633185675233915	-2.13001617483452066056537	1.9497786955939292603402
23.79	0.80754264346269214595565	-2.02590005998870236604035	2.015239142884437845752355
23.82	1.05705971183920908263674	-1.89719072186216120925438	2.069740250110844005544708
23.85	1.29791293996744367188517	-1.74469151916043776412796	2.112750068122963288052767
23.88	1.52782280215523543294788	-1.56942289848085233427744	2.143779803963991540666836
23.91	1.74460323026376806495703	-1.37261205417740181581344	2.162386501325314771116298
23.94	1.94617495533615554595567	-1.15568372267066702162554	2.168175794416806462956073
23.97	2.13057847305626525502338	-0.92025204878384455265153	2.160804757329997406627914
24.	2.29598830287203715611505	-0.66811122601765311685124	2.139984863137317279248048
24.03	2.44072759540999999411723	-0.40122342600335056565998	2.105485058120905043856898
24.06	2.563281380455780818749195	-0.12170514371552367163645	2.057134947141812018679888
24.09	2.66230829088541617846935	0.16818616526541594120533	1.994828076698838877013878
24.12	2.73665176629705974926571	0.46606526582996479999849	1.918525293074717281593036
24.15	2.78535093339883467792196	0.76943408782368637435913	1.828258144421271197969974
24.18	2.8076500591690130112045	1.07569956925522264691935	1.724132287879600542800212
24.21	2.80300571273684199767555	1.38219316023559132946805	1.606330855938549922429753
24.24	2.77109225530622142278404	1.68618978155018036653581	1.475117730177898310595915
24.27	2.71180696599575439556692	1.98492555577437680598563	1.330840665224108005056576
24.3	2.62527504387403360294223	2.27561575554548430326087	1.173934201036732882762351
24.33	2.51185324218145785666426	2.55547472981809192109545	1.004922297425080065601487
24.36	2.37213088595014643886728	2.82173789509433109454791	0.824420620900541892859282
24.39	2.20692857269193120323321	3.07168423971441881819371	0.633138410609846160788402
24.42	2.01729609451817175503175	3.30265796552499743367045	0.431879847260682821685813
24.45	1.8045104771438765103891	3.51208949039675031871775	0.2215448468026874863762101
24.48	1.570073137656550035871	3.69751713409151836187027	0.00312919935363603909847769
24.51	1.3157041987262478545963	3.85661022021045690168029	-0.2222760263625075257580491
24.54	1.0433331879549470018189	3.98719285284403102137067	-0.453485891859138253784184
24.57	0.7550874712728065378303	4.08726700159617643304679	-0.689223887683227613320434
24.6	0.4532804213069581152607	4.15503437586472316128837	-0.92812519561391543824603
24.63	0.1403996482736851242703	4.18891775195244064799217	-1.168740983559436520632615
24.66	-0.1809065977944776924415	4.18758246618041758793569	-1.409543797565383551650049
24.69	-0.5078469683288591798478	4.14995768175866071899588	-1.648934109909184089137876
24.72	-0.8375084301249465157003	4.07525621124015999297431	-1.885248076335114735845633
24.75	-1.1668792376347597416471	3.96299222797579599528587	-2.11676654898801885115649
24.78	-1.4928714435668729421615	3.81299744678823643745544	-2.341725384228996133015166
24.81	-1.812343580148503849174	3.62543658664297419731073	-2.558327075735400486518076
24.84	-2.1221261801768913223489	3.40082160229688623425166	-2.764753732369219888168128
24.87	-2.41905175775549939172795	3.14002284443917040894012	-2.959181406360948193703756
24.9	-2.69998778517816021280068	2.84427585608987787630367	-3.139795759451851474633819
24.93	-2.96186967937666459001848	2.51518453772817459979226	-3.304809031854455909518947
24.96	-3.20173270954509677914237	2.15472226211366203100372	-3.452478250470338856010711
24.99	-3.41674462000814622205939	1.76523059167544384431589	-3.581124578257819013600203
25.02	-3.60424071226893133255061	1.3494127200220763943157	-3.689153665863012867966817
25.05	-3.76176001666430361590316	0.910319437167125689518	-3.775076819984436314443074
25.08	-3.8870793179607251293724	0.4513294016407778599107	-3.837532751347855768241235
25.11	-3.978244124045417092977663	-0.0238721258721345778612	-3.875309610122856069910062
25.14	-4.03359914032767824656507	-0.5113149855688546860362	-3.887366960200196135342467
25.17	-4.0518203813227352058625	-1.0067703848041434671047	-3.872857288599834772225944
25.2	-4.03194713291604814262311	-1.5057865531605567191135	-3.831146595483823403700251
25.23	-3.97340999380251236594297	-2.0037337855392410832314	-3.761833567224052107885366
25.26	-3.87605354625885898706937	-2.49585468506431415488466	-3.664766803291135414198099
25.29	-3.74015490861437564817951	-2.97731667310372115576452	-3.540059550892460792373554
25.32	-3.56643847256065410087026	-3.44326790665135875722159	-3.388101402491749237689059
25.35	-3.35608419501752658779187	-3.88889890803825292032495	-3.20956643322103595973268
25.38	-3.1107264566944325042973	-4.30950923030316504042915	-3.005417299561405845998756
25.41	-2.8324436211183075828665	-4.70057536199438077599296	-2.776904888286631408231478
25.44	-2.5237411837005275346361	-5.05781640204310005483906	-2.52556319507199396583599
25.47	-2.1875303763752943540226	-5.37725684600270630709272	-2.253199223567733775223565
25.5	-1.8271006257070991399087	-5.6552874779885259778115	-1.9618778249571045834880273
25.53	-1.4460827003727004400706	-5.88872412257870299065645	-1.6539015406058860897067702
25.56	-1.048401823329189013848	-6.07486171196982320976242	-1.3317856607900523207858304
25.59	-0.63822388547610957590318	-6.2115205578058629582008	-0.9982288642428747537197681
25.62	-0.21989897863406042407565	-6.297083337089801742298986	-0.656079949482151512065407
25.65	0.20209624736872116464674	-6.330523032414565748284038	-0.30830130257226123380109923
25.68	0.62321914099508320235002	-6.311422032029287571687618	0.04207013948693545507443441
25.71	1.03892622041232612451481	-6.239981306160669514039778	0.39196358101098200471751125
25.74	1.44474127335019878837132	-6.11701809661929089459939	0.738315806898331221369578
25.77	1.83632166981322633385549	-5.94395185788596188005257	1.0781124332067026107448916
25.8	2.2095188435699368416805	-5.72277994731042477390134	1.4084280404850007740870716
25.83	2.56043253250685727318419	-5.45604482483390868465056	1.7264643023157923832883543
25.86	2.88546099840964032477296	-5.14679317813765141877622	2.0295852942085828138268324
25.89	3.18134831327451721268511	-4.79852641476445985524886	2.315349268529817968055013
25.92	3.44522641487708638158962	-4.41514302681607011926198	2.5815363043688388700798
25.95	3.67464805219556075763444	-4.00087558101330958338283	2.826171380903314690343848
25.98	3.86760895091375839573493	-3.56022591154253060593885	3.047542572114863971872806
26.01	4.02256117985671569826607	-3.09790025269236912387249	3.244214212614487923425646
26.04	4.13842079598170170637223	-2.61874347687989571478088	3.415035032123708417630929
26.07	4.21457040003065762017244	-2.1276714417212401779502	3.559141393722000061138216
26.1	4.2508544478048702604885	-1.6296032103929442347937	3.675955893180907953204275
26.13	4.24756557639337240243666	-1.1293973832358162678202	3.765181679624253355401114
26.16	4.20542330770391281278301	-0.631795598205989530342	3.826792938776198121100583
26.19	4.125548314974860750979992	-0.1413723378580076281568	3.861022037940751074574142
26.22	4.00943378121863607146757	0.3375117671788188277164	3.868343866653864002889393
26.25	3.85891295149095689228906	0.8007532479184342800059	3.849457919878036215431757
26.28	3.67612269732918408979912	1.24454196810887983259522	3.805268663842673011524049
26.31	3.46346594351368826132094	1.66538705921990888519996	3.736864701062840833274463
26.34	3.22357632900222380865993	2.06013467363978689118914	3.64549721404787423153633
26.37	2.95928491951338607414729	2.42598288094041027108058	3.532558120301748584488084
26.4	2.67358576500760378565888	2.76049622627696552369884	3.399558317957529701280125
26.43	2.36959879915316952789184	3.06161737376373001018752	3.248106345092772645254714
26.46	2.05053253970507417845031	3.32767221281290610216384	3.079887719372441847975986
26.49	1.7196497923742283161754	3.55736827241699036337945	2.896645170594414465950858
26.52	1.3802363766791604327091	3.74978924490587737755437	2.700159928837991797141277
26.55	1.0355703427254878206843	3.90438762317847366331888	2.492234186516192407887742
26.58	0.688890501924227061202	4.02097491173920498429232	2.274674814411591667139555
26.61	0.3433663048334209288765	4.09970813703226135842864	2.049278379912447794393784
26.64	0.0020719677442167097603	4.14107294238615589918896	1.817817489894351700341293
26.67	-0.3320347433505570257347	4.14586497770506273399991	1.582028460400181428560409
26.7	-0.656131486086996824265	4.1151707916425676784384	1.343600299612420946722794
26.73	-0.9675504535534047524989	4.05034788617197095311005	1.104164978626613497336531
26.76	-1.2637973776646428559341	3.95300304212291984528221	0.865288955260671330563157
26.79	-1.54256804672356415749	3.82496902949328969347356	0.628465908706620879820261
26.82	-1.8017606058304079578697	3.66828094315526808808121	0.395110636556025420829024
26.85	-2.03948440662037783522155	3.48515315615147564693378	0.1665540601318237893985115
26.88	-2.25406768451001710393335	3.27795655006274926969105	-0.0559607211106436647903146
26.91	-2.44406533548613393121298	3.04919493189834604766783	-0.271281390135866967303488
26.94	-2.60826584507742510700353	2.80148035894267328836397	-0.478348456146980588323643
26.97	-2.74569548803346294038765	2.53750854143511090810791	-0.67619645358676664817858
27.	-2.85561916999220408320275	2.26003581137292049188485	-0.863954370943906743828244
27.03	-2.93753917813494851842675	1.97185782937505525807711	-1.040845385644542803826261
27.06	-2.99119352741743568457815	1.67578868726682361734766	-1.206185981851551488082561
27.09	-3.0165542080849583703496	1.37463913445093321203613	-1.359384527461310592026395
27.12	-3.01382416254106675631287	1.07119433990270022745308	-1.499939385107956892493533
27.15	-2.9834319258010290361823	0.76819300971731512357153	-1.627436629736736525729413
27.18	-2.92602428684535666052911	0.46830909776935121911202	-1.741547442472459614983497
27.21	-2.84245825908413253350142	0.17413528628539948209416	-1.842025247225293488899989
27.24	-2.733792955500315681634425	-0.11183380292245130273236	-1.928702652809216866246396
27.27	-2.60128057483140876334678	-0.38721955963375024944327	-2.001488259278840602584986
27.3	-2.44635543806731014610137	-0.64977707333740828968523	-2.060363382625490596980628
27.33	-2.27062122884761946324182	-0.89741033845844940768164	-2.105378746778390783003589
27.36	-2.07583763373590444423119	-1.12818449530680778235267	-2.136651185895399371405083
27.39	-1.86390695828180723098736	-1.34033680178795906021839	-2.154360393106681185444383
27.42	-1.63685988858369064724121	-1.5322879006962939542119	-2.158745744180905846033649
27.45	-1.39683961132303039055213	-1.7026527300115717488788	-2.150103216109642644034396
27.48	-1.146085264448593184224	-1.85024923618339776850461	-2.128782411559626936762504
27.51	-0.88691657550138397528074	-1.97410468518285030437202	-2.095183690841962949061235
27.54	-0.62171969719328491139845	-2.07346156573781377717179	-2.049755403898917997985289
27.57	-0.35293173703751350461962	-2.14778461977774531008884	-1.992991206277945623390552
27.6	-0.08302178001706760888461	-2.196767932587090183756885	-1.925427435634199741621176
27.63	0.18553082536613108477263	-2.220339758328355235230435	-1.847640519440140241652381
27.66	0.45025824469786978211861	-2.21866424007690106383351	-1.760244380681709346601486
27.69	0.70872466302240064508309	-2.19214102975331760359916	-1.663887806676507980937588
27.72	0.95854665507315358598503	-2.14140362718521369372942	-1.559251746909530575048796
27.75	1.19741497456558886882168	-2.06731580152486708178008	-1.447046508925124025115776
27.78	1.42311748752500638419936	-1.97096505445519554631224	-1.328008826632635583902194
27.81	1.63356143228056111695013	-1.85365325795940976840419	-1.202898782484915616559781
27.84	1.82679372250672623675885	-1.71688563856660977361431	-1.072496573316046775985779
27.87	2.00101971003764169733738	-1.56235874928159158754755	-0.93759911849909772060337
27.9	2.1546215768304139383092	-1.39194666120070190814333	-0.799016517773308252269455
27.93	2.28617660382651912461164	-1.20768414163893576916659	-0.657568373888849366143362
27.96	2.39447423183536661167134	-1.01174670394911586639321	-0.5140800015424251283290821
27.99	2.47853062789390744942516	-0.80642882364962403008276	-0.3693785485491583498767652
28.02	2.5376004584890624166863	-0.59412167694913907666159	-0.2242890576998649365625749
28.05	2.57118646927177279270878	-0.37729042357149684945292	-0.079630498454527392517485
28.08	2.579047289804648098853848	-0.15844990536691055146806	0.0637882030616791221685687
28.11	2.561203016804078512194616	0.0598619694508761814364	0.2051721087827807920814372
28.14	2.51793773989106731116613	0.27511235685228465911932	0.3437441628385496142404682
28.17	2.44979873024611598332133	0.48480137835703203856151	0.4787490111077176283423721
28.2	2.35759277644335705831906	0.6864887473741504290713	0.6094567228198890392603039
28.23	2.24238015308723321333458	0.87781960968442561067139	0.7351663907262680568613695
28.26	2.10546597934537715848129	1.0565507058049577920357	0.855209585732998831902668
28.29	1.9483882719822965123817	1.22057696103792088708376	0.968953641191652232741287
28.32	1.77290252670381781894019	1.36795714045789910801627	1.07580474181368693270961
28.35	1.5809636197799391842275	1.49693696328610399011421	1.175210792931633457063714
28.38	1.3747060006742027841093	1.60596932526304470462314	1.266664047924623048774537
28.41	1.15642221214927717857827	1.69373254828204588942347	1.349703475173219355374632
28.44	0.92853884408814701849442	1.75914736827854543158992	1.423916850750354596990775
28.47	0.69358940606157259966036	1.80139197891230322075863	1.488942568789233024973315
28.5	0.45418506461641977694341	1.81991362696699234626548	1.544471167521046492301949
28.53	0.21298501506525988155437	1.814436048327520892170329	1.590246574696928672823051
28.56	-0.02733268888090895297015	1.784963399008916555182922	1.626067080879646289414174
28.59	-0.26410062063559384844901	1.731781481411368195815431	1.651786052407600031770933
28.62	-0.49469261539290794740137	1.65545594136227075516646	1.667312397372793999162573
28.65	-0.71655463867737759156548	1.5568266045092658161347	1.672610797603719679020559
28.68	-0.92723379893751116489588	1.4369982954565261585277	1.667701717507683204872991
28.71	-1.12440473200473462108746	1.29732969999261088423435	1.652661197004745170600119
28.74	-1.30589487838799711108639	1.13942098591621399192093	1.6276204311348763648106826
28.77	-1.46971034234137917166449	0.96509882824260218432745	1.5927651338079779410099066
28.8	-1.61406178761119904110055	0.77639707503356633809107	1.548334678213904959580224
28.83	-1.73738813450044817858064	0.5755332263703354507035	1.4946210022337695233557906
28.86	-1.838376620465866313540865	0.36488258346092419813405	1.4319672643504972052171914
28.89	-1.91597956161393633668833	0.14695124400560939504121	1.3607662344851966208795096
28.92	-1.969428503610506073967156	-0.07565268977198561823013	1.281458405159229555181072
28.95	-1.998245364860107428892076	-0.3002506682385001652864	1.1945298114662550324480922
28.98	-2.00224952928654259689181	-0.52412746997210603920581	1.1005095533695312741551653
29.01	-1.98156056569615331386276	-0.74456530052437945049044	0.9999670204208986074903073
29.04	-1.9365972579366378107239	-0.95887680142245716539399	0.8935088265288190107830209
29.07	-1.86807356129135809967509	-1.16443716424121478389254	0.7817754701412225283620906
29.1	-1.77699113925414407830248	-1.35871630899499133400143	0.6654377423640034143691419
29.13	-1.6646276528382266134416	-1.53931120629801442434676	0.54519291138537499196163035
29.16	-1.53252069537862554297919	-1.70397705731848786297061	0.42176071558738048517143764
29.19	-1.38244835549823543786022	-1.85065578790936204689931	0.2958791996582261175997559
29.22	-1.2164075260279847874969	-1.97750135126491050078794	0.16830042798088486708346473
29.25	-1.03659009430038296728728	-2.08290238969570863317123	0.03978610801118019024556206
29.28	-0.84535626623428888306416	-2.16550272986358113934024	-0.08889684602697108505023165
29.31	-0.64520463444029591533298	-2.22421923890225689771207	-0.21698078120258201141045007
29.34	-0.43873987852552718796661	-2.25825598401640639101708	-0.3437017794502218078546797
29.37	-0.22863973363190268014684	-2.267114104656065511975904	-0.46830411088045438731550713
29.4	-0.01762218912282119974528	-2.2505977098958369507598025	-0.59004464018160568760192071
29.43	0.19158746742697849748637	-2.208816366149040808153609	-0.70819715750855574621158149
29.46	0.39629059182673878445914	-2.14218413206392615160595	-0.8220566027988901403942156
29.49	0.59384991254932646899349	-2.05141452426717917566365	-0.9309431502820032126183198
29.52	0.78172349401916162516052	-1.93751110454722252616348	-1.0342061188426465796038755
29.55	0.95749628663224692137056	-1.80175425562100911712824	-1.1312276744949640761563475
29.58	1.11890894810068439741549	-1.6456850460266188384362	-1.2214262938530819753206473
29.61	1.26388485518963056231119	-1.47108639946178309565638	-1.3042599621355971878143322
29.64	1.39055591098105266798085	-1.2799609681754709245857	-1.3792290855626793441266976
29.67	1.49728628507603958952571	-1.07450537426309341038794	-1.4458791053833156368658753
29.7	1.58269243917714555210505	-0.85708171019021209196893	-1.5038028084451396986451331
29.73	1.64565870572815727018094	-0.63018785551962602629044	-1.5526423364037814652505481
29.76	1.68534913099049563221654	-0.39642725411977409791592	-1.5920909016623253750538047
29.79	1.701216365174307176358207	-0.15847740225038728471255	-1.6218942224038217176100695
29.82	1.69300708504894825703189	0.0809435182378401787311	-1.641851691320444303188189
29.85	1.6607628466890614767018	0.31911054543234725027354	-1.651817292778383046952586
29.88	1.60481657954668355040683	0.55332395517506121503296	-1.651700281340584979392188
29.91	1.52578644083902246900728	0.78093848419545538153718	-1.641465631147388605619731
29.94	1.42456816193449871166533	0.99939133699521964073355	-1.621134261124972894593556
29.97	1.30232500995443834645346	1.20623082447632420601584	-1.590783035947020604812065
30.	1.16047387427149003771653	1.39914528303357240384496	-1.550544537749223569118105