lambda	x	y	z
0.	1.7282079884725712	0.003269468865056069	1.6462705829141182
0.03	1.7155358103794416	0.24927917429480007	1.6408418374500677
0.06	1.678149003256812	0.49178477249928004	1.6251855968242037
0.09	1.6167110501212278	0.7281766404020464	1.5993839515740096
0.12	1.5320222167681063	0.9560268362692621	1.5635778612652707
0.15	1.4250668270180615	1.1729145072201466	1.5179670174335331
0.18	1.2971456035395552	1.376367592197133	1.4628074926758605
0.21	1.149947346025799	1.563965842670639	1.3984090277942531
0.24	0.9854756926981104	1.7335114799904465	1.3251336781098852
0.27	0.80588765881883	1.8831326954375878	1.243395761322459
0.3	0.6133828343509127	2.0112677057998125	1.1536614027961831
0.33	0.41022652523549286	2.1165918859768307	1.0564460637050788
0.36	0.19885525942334703	2.197986566093563	0.9523101355744382
0.39	-0.01806645537639364	2.2545835671877184	0.8418542874902375
0.42	-0.2377180667193729	2.2858328091181632	0.7257161761390715
0.45	-0.4572771449607568	2.2915219750225786	0.6045684688202692
0.48	-0.6740343032038218	2.2717376115984265	0.47911654622917893
0.51	-0.8853936975529134	2.2268224537893775	0.35009431547297115
0.54	-1.0887986468007693	2.157381490406622	0.21825820543805294
0.57	-1.2816889381429126	2.0643261288471515	0.08438101388310272
0.6	-1.4615550197554708	1.9488954865193637	-0.05075273128469726
0.63	-1.6260544381731812	1.812613257000122	-0.18634981177575632
0.66	-1.7730999528301743	1.657206291386591	-0.3216112590936033
0.69	-1.9008660036302842	1.4845519902474185	-0.45573675362229343
0.72	-2.0077431765799627	1.2966901440274843	-0.5879305699328479
0.75	-2.092312366174067	1.095864480164731	-0.7174076316720288
0.78	-2.153376212715756	0.8845252282912095	-0.8433981317383953
0.81	-2.19002002903607	0.6652622254964816	-0.9651505156162604
0.84	-2.201647820673574	0.440707561410411	-1.0819340505622714
0.87	-2.1879719075453843	0.21347489573989217	-1.1930423431246044
0.9	-2.1489835716651395	-0.013838039478281883	-1.2977979812166438
0.93	-2.084943210879662	-0.23862196688794668	-1.3955572053264647
0.96	-1.9963956515411823	-0.45826373249448243	-1.485713383823898
0.99	-1.8841816411389285	-0.6702093556287924	-1.5676991007891858
1.02	-1.7494189890089162	-0.8720461837523514	-1.640987755034186
1.05	-1.593459625308541	-1.061552662642785	-1.705095664915786
1.08	-1.417851574826808	-1.2367004613581118	-1.7595848069587885
1.11	-1.2243222464297574	-1.3956378918715129	-1.8040654606667457
1.14	-1.014769511132611	-1.536689750609949	-1.8381980315406212
1.17	-0.7912372680095964	-1.6583773051373867	-1.8616940588623547
1.2	-0.5558740804933932	-1.7594340526817465	-1.8743170318764073
1.23	-0.3108993484997493	-1.838799532755765	-1.8758835187105642
1.26	-0.05859872745853421	-1.895602305375115	-1.8662644946078186
1.29	0.19865872283339928	-1.9291571074383211	-1.8453863835951376
1.32	0.4584111676227976	-1.9389849892855422	-1.8132315823280385
1.35	0.7181225627238008	-1.9248411145071191	-1.7698387412967378
1.38	0.9752215167370273	-1.8867313947456696	-1.7153031947852098
1.41	1.2271384476913294	-1.824916144286134	-1.649777522211079
1.44	1.471330846145804	-1.7399117321592328	-1.5734718132391086
1.47	1.705305971523454	-1.6324940734532376	-1.4866533352862517
1.5	1.9266528646552579	-1.5036934209526573	-1.3896458423777487
1.53	2.133080000191247	-1.3547713231580636	-1.2828290489512413
1.56	2.32244306411754	-1.1871895561755963	-1.1666384087749568
1.59	2.492755738268685	-1.002592970134951	-1.0415646881026956
1.62	2.642195106989342	-0.8028131324473088	-0.9081527108767941
1.65	2.769118120371957	-0.5898702276663843	-0.7669993270169856
1.68	2.872088742681495	-0.36594291431215037	-0.6187513947375775
1.71	2.9498973588650066	-0.13330639169179961	-0.4641044372731588
1.74	3.0015591611567123	0.10572109846822396	-0.3038016155215867
1.77	3.026303061388656	0.348781751877862	-0.1386318478755309
1.8	3.023576275703068	0.593438816717934	0.03057362416498475
1.83	2.993070658180304	0.8371535252679154	0.20294546067424127
1.86	2.934743613950903	1.0773322433179489	0.3775795734261798
1.89	2.8488013119223994	1.3114296740888356	0.5535388237078921
1.92	2.735650487938785	1.537029007301023	0.7298543183389291
1.95	2.595868902880766	1.751831581211699	0.9055285867215476
1.98	2.430237122509788	1.9535757462045187	1.0795415251337588
2.01	2.2398089580506415	2.1399819502564643	1.250857236738647
2.04	2.025938779239776	2.308802812219672	1.4184286165001994
2.07	1.790205858340462	2.4579515252082493	1.5811984737069036
2.1	1.5342774738486413	2.5855944407848965	1.7380996505000588
2.13	1.2598377253780022	2.6901215222569785	1.8880583121064793
2.16	0.9686750246445129	2.7700331038670893	2.0300021428753543
2.19	0.662873686220018	2.8238765899272753	2.162870455799547
2.22	0.344925613689418	2.850323748247827	2.285620817657106
2.25	0.017608665498798165	2.848327192144849	2.3972296033563483
2.28	-0.3163257775442156	2.817187450854416	2.4966898558003856
2.31	-0.6544150744614262	2.7564285488133935	2.583013389342086
2.34	-0.9944506363110626	2.6655784443577883	2.6552414056640097
2.37	-1.3341233353503863	2.5440897718129913	2.712460882431921
2.4	-1.6706030593757673	2.3915590389754757	2.7538189069470476
2.43	-2.0003932051867945	2.2081491192141347	2.7785288248014015
2.46	-2.319605360143837	1.9949099354526565	2.785869282199246
2.49	-2.624476520150328	1.7537325315214705	2.7751835319273255
2.52	-2.9117774655129347	1.4869518196814837	2.7458861355693345
2.55	-3.1788797689238484	1.1968906515556852	2.697477888332867
2.58	-3.423534253847118	0.885663168075367	2.629563388434569
2.61	-3.643605016045196	0.5553173928223892	2.5418648613417982
2.64	-3.8369611601502736	0.20812316750557633	2.4342307217856662
2.67	-4.0015398844649015	-0.15326195343773022	2.306642692927107
2.7	-4.135453182643071	-0.5258565186612507	2.1592259624347263
2.73	-4.237025838314602	-0.9065378672057236	1.9922627492827274
2.76	-4.304767770506913	-1.2921557983576857	1.806205395837453
2.79	-4.33736086304757	-1.6794961320691797	1.601684999698453
2.82	-4.333709735746345	-2.0651720740854405	1.379515343331692
2.85	-4.293023894529347	-2.4455756804531483	1.1406952323543522
2.88	-4.214865882265649	-2.8169409343295806	0.8864118521251856
2.91	-4.0991462865106	-3.1754579371842353	0.6180442557641198
2.94	-3.946108299817468	-3.5173493506272124	0.3371635537081556
2.97	-3.7563478021800485	-3.838885787848891	0.04552741119700347
3.	-3.530861219825555	-4.136389664033248	-0.2549303218293618
3.03	-3.271072345382095	-4.406279468755882	-0.5621122406890573
3.06	-2.978811559037667	-4.645150249269069	-0.8737710673778781
3.09	-2.656277507233113	-4.849845224867129	-1.187525853043518
3.12	-2.306030090003404	-5.017492650403208	-1.5008829273003914
3.15	-1.931017941545688	-5.145529844389803	-1.8112618249127033
3.18	-1.534587134756815	-5.2317506027498535	-2.1160240315830157
3.21	-1.1204222265763781	-5.274377356268416	-2.412502320507745
3.24	-0.6924381360317634	-5.2721219854853185	-2.6980306326323973
3.27	-0.2546961471930554	-5.224207462825368	-2.9699761917345713
3.3	0.18860858712019357	-5.130365677813616	-3.22577470050754
3.33	0.6331255106823027	-4.99084874500333	-3.4629669369697433
3.36	1.0743807686117812	-4.806461131995928	-3.6792337377958946
3.39	1.50790441069132	-4.578573624806202	-3.8724277227202815
3.42	1.929394955637461	-4.309078134508168	-4.0406025846148115
3.45	2.334817054086951	-4.000294705586722	-4.182041509914302
3.48	2.720386378132488	-3.6548904132321964	-4.295284514287228
3.51	3.0824984876901933	-3.2758542931696057	-4.3791523186380115
3.54	3.4176974879430317	-2.866506553178835	-4.432764404687956
3.57	3.7227198057212227	-2.4304809762104838	-4.455551075787651
3.6	3.9945622812756603	-1.9716576522692844	-4.447261185541513
3.63	4.230509767947029	-1.4940982578398998	-4.407966629230838
3.66	4.428125522176246	-1.0020559492364367	-4.3380625619694575
3.69	4.5852715792592225	-0.500060167984321	-4.238261354706335
3.72	4.700206468130744	0.007017454925801825	-4.109579890111
3.75	4.771723655126606	0.5140215219126651	-3.9533222235654626
3.78	4.799241451993858	1.0157051276109117	-3.77106004646754
3.81	4.782795500156477	1.5069504561339688	-3.5646112056553694
3.84	4.722975436125967	1.9828924810555524	-3.336014279668448
3.87	4.620887834381629	2.438917462611081	-3.087497705485621
3.9	4.4781737120506655	2.870625418073809	-2.8214449585580477
3.93	4.297023328771362	3.2738676971955725	-2.540359586430192
3.96	4.08011376070371	3.644879731195093	-2.24683280647764
3.99	3.830469983671949	3.980422050464322	-1.9435128918297442
4.02	3.551335743721848	4.27782881962396	-1.6330734211225557
4.05	3.2461371668423364	4.5349510469584935	-1.3181790637408006
4.08	2.9185264568633347	4.750075902924834	-1.0014512620318523
4.11	2.572405805462036	4.921909289531859	-0.6854379636720618
4.14	2.211848826738884	5.049628761414149	-0.37258945752569994
4.17	1.840943436616567	5.132937919052969	-0.06523856689874805
4.2	1.4636638037314738	5.172057729493047	0.23441806011263744
4.23	1.0838506901401692	5.167659444290387	0.5243386090411037
4.26	0.7052698477297078	5.120796929018574	0.8026524112245776
4.29	0.3316440512611883	5.032880355812303	1.0676708590598254
4.32	-0.03340786987753674	4.905676674813986	1.3178924518252915
4.35	-0.38648713233204995	4.741293746017729	1.5520044894428722
4.38	-0.72449146544006	4.542132134677197	1.768884093471362
4.41	-1.0446055655320763	4.310830774182429	1.9675986109789727
4.44	-1.3442532824347255	4.050235776946426	2.1474032088221042
4.47	-1.6210923466318161	3.763385150609484	2.3077342108845404
4.5	-1.8730709488700759	3.453477653727403	2.4481995628392936
4.53	-2.098485142833608	3.123817758468064	2.5685693693007163
4.56	-2.295973486468989	2.777771417981799	2.6687678240557324
4.59	-2.4644652688914284	2.4187660835330504	2.7488648662980157
4.62	-2.6031650173669907	2.0503077547777937	2.809065112252948
4.65	-2.7116205895895775	1.675933086638865	2.84969422857
4.68	-2.7898117501755273	1.2990471881153984	2.871186143056888
4.71	-2.838134410109279	0.9227150944559933	2.8740744358467447
4.74	-2.8572301343077093	0.5495684976403656	2.8589873133300077
4.77	-2.8477649862542536	0.18194409166910394	2.826641497872346
4.8	-2.8103400307609694	-0.17780703754608224	2.777830620683774
4.83	-2.7456208030620517	-0.5270611103434527	2.7134086684185665
4.86	-2.6545783364611117	-0.862924414367206	2.6342742181971603
4.89	-2.5386258373232846	-1.1825099780125485	2.5413614761337984
4.92	-2.399527698670917	-1.4832836747484028	2.4356388860631353
4.95	-2.2391681723770094	-1.7632312001161061	2.3181100022217063
4.98	-2.059390282650053	-2.020761097890541	2.1898100271400915
5.01	-1.8620341147724373	-2.2544750288006057	2.0517960325506457
5.04	-1.6491051729478114	-2.4630155484089324	1.9051350076425233
5.07	-1.4228842279860638	-2.645095275838219	1.7508958547517726
5.1	-1.185858686213285	-2.7996383846918063	1.5901477136590754
5.13	-0.94053508034838	-2.925886478402302	1.4239613475544102
5.16	-0.6893037391593202	-3.0233887710856338	1.2534080836473993
5.19	-0.4344664363503741	-3.09192141150297	1.0795537417441758
5.22	-0.178374511777169	-3.1314355140118715	0.903449943931895
5.25	0.07647742757398111	-3.1420799699744366	0.7261274329688086
5.28	0.3275046025596782	-3.1242565744883097	0.5485937718744409
5.31	0.5721885622035954	-3.0786371135734223	0.37183362867707564
5.34	0.8082010550977561	-3.0061243168154066	0.1968078360148734
5.37	1.0334031712212361	-2.9078038119025695	0.02444915267852751
5.4	1.245753335175552	-2.784939255788571	-0.14434394124007033
5.43	1.4432375893972722	-2.6390075780695055	-0.3087123825825571
5.46	1.6238994608426878	-2.471721763994719	-0.467838896066572
5.49	1.785943028211316	-2.2850000265967387	-0.6209485722421347
5.52	1.9278185510413188	-2.0808980007411444	-0.7673099442296804
5.55	2.048230362333364	-1.8615598590844704	-0.9062378050815738
5.58	2.1460882990234302	-1.6292224785481835	-1.0370969768632152
5.61	2.2204706739121365	-1.3862490319165102	-1.159305319997405
5.64	2.2706400915696	-1.1351372290872623	-1.272335131843312
5.67	2.2960925241954473	-0.8784743968537803	-1.3757135684715132
5.7	2.296590859571713	-0.618865689905061	-1.4690232783398736
5.73	2.272159114157367	-0.35888580041531226	-1.5519037052356404
5.76	2.223056538667899	-0.10107650596818357	-1.6240524879572478
5.79	2.1497644277659362	0.15203456869581372	-1.6852261593279378
5.82	2.052994917189125	0.3979353736508108	-1.735240002559541
5.85	1.9337033401481858	0.6341662055563314	-1.7739676044265649
5.88	1.7930848373269832	0.8583702699943463	-1.8013406213617995
5.91	1.63255745137892	1.068327901343694	-1.8173487004810571
5.94	1.45374869964798	1.2619677992044886	-1.8220391093771535
5.97	1.258493660464165	1.437374219004215	-1.8155158453922815
6.	1.0488333939847088	1.5928094699726658	-1.7979384818163642
6.03	0.8269976348178087	1.7267503985185044	-1.7695211420470045
6.06	0.5953704149899411	1.8379218235039494	-1.7305316218091782
6.09	0.3564526518631286	1.9253150791184444	-1.6812902810116104
6.12	0.11283318664797859	1.9881955110776321	-1.622168407462192
6.15	-0.13283598263786942	2.026108491817185	-1.5535862261116904
6.18	-0.37787211563533757	2.0388849054695544	-1.4760109991436772
6.21	-0.6196026760971799	2.026639317069108	-1.3899553504081787
6.24	-0.855400642243066	1.9897598543780743	-1.295975370500876
6.27	-1.0827022979081664	1.9289001597030238	-1.1946679118268482
6.3	-1.2990155314437235	1.8449821695952209	-1.0866670288518547
6.33	-1.5019405286608611	1.7392014527063575	-0.9726402150701634
6.36	-1.6892130484860886	1.61301517998498	-0.8532851321566939
6.39	-1.8587537443329583	1.4681059412536703	-0.7293267671203595
6.42	-2.0086963072958777	1.306342438673665	-0.6015141513514075
6.45	-2.1373876911107677	1.1297670103061173	-0.4706158493946062
6.48	-2.243383973174058	0.9406121080080894	-0.3374144300139035
6.51	-2.325470007495691	0.7413085679696743	-0.20270109229022115
6.54	-2.382702119238656	0.5344442317841966	-0.06727148571326562
6.57	-2.4144427280515974	0.3226765702468896	0.06807745116529998
6.6	-2.420360690072334	0.10865510037869906	0.20255093145360917
6.63	-2.40040824108175	-0.10499116689005569	0.3353611769166291
6.66	-2.3548116953311653	-0.31560905176236104	0.46573343347729074
6.69	-2.2840943964590887	-0.5204923297943421	0.5929116032438124
6.72	-2.189104748226567	-0.7169364513643126	0.716162114594447
6.75	-2.07100412344699	-0.902364271845188	0.8347762060450982
6.78	-1.9312079550119083	-1.074432642047406	0.9480722569048281
6.81	-1.771330736643898	-1.2310396411118656	1.055399674659528
6.84	-1.5931924919815401	-1.3702484411954383	1.1561441801890002
6.87	-1.3988790949801784	-1.4902313560046772	1.2497327175633104
6.9	-1.1907737393827393	-1.589321851011344	1.3356362813682652
6.93	-0.9714802142133743	-1.6661511065897776	1.4133707147200043
6.96	-0.7436572599980238	-1.7197508390023555	1.4824973001326869
6.99	-0.5098878393359796	-1.7495295831342614	1.5426249754246568
7.02	-0.2727017174725075	-1.7551580964662086	1.593414171420017
7.05	-0.03473590232749122	-1.736500712247389	1.634580338159191
7.08	0.20112948584795667	-1.6936906206228266	1.6658951269197253
7.11	0.4318347036155517	-1.6272932434947422	1.6871851310068338
7.14	0.6544216514406532	-1.5383831617252308	1.6983302740830182
7.17	0.8663548434451308	-1.4284080855382055	1.6992642617012608
7.2	1.0656490255693227	-1.2988995299215647	1.689977571475964
7.23	1.2507149270567814	-1.1512400919997463	1.6705209772553282
7.26	1.4200518930097819	-0.9866651496972385	1.6410068500353325
7.29	1.5720190322969227	-0.8064900255757037	1.6016071417670275
7.32	1.7048310371318327	-0.6123794603829902	1.552549514960762
7.35	1.8167413479711105	-0.40646050745636897	1.494114236054545
7.38	1.906253172235191	-0.19122271452514247	1.4266332631558971
7.41	1.9722249165790704	0.030683488264795555	1.35049064916159
7.44	2.013859449166007	0.25658951999393015	1.2661221038516783
7.47	2.03066056877641	0.48382255831007503	1.1740123679638164
7.5	2.022431020718756	0.709649259579588	1.0746910044287463
7.53	1.9893105966548115	0.9312556880085278	0.9687283871725386
7.56	1.9318005784352488	1.1458116851908215	0.8567330425832848
7.59	1.8507390889049276	1.3505787722103313	0.7393498406038712
7.62	1.747246927288945	1.542988736744845	0.6172575269469586
7.65	1.622689378874935	1.720662165662941	0.4911646487533377
7.68	1.4786724848820398	1.8813959578807724	0.36180437379637015
7.71	1.317049380404095	2.0231657416307245	0.2299295522200334
7.74	1.1399025538039096	2.1441579846417365	0.09630884425837355
7.77	0.9494972100021261	2.242810438824549	-0.038276520789250694
7.8	0.7482314402242868	2.3178355960520594	-0.17303646748750096
7.83	0.5386063763324348	2.368224774054637	-0.3071768674014334
7.86	0.32321132881300724	2.3932481195886366	-0.439904898572306
7.89	0.10470105829064504	2.3924602832374835	-0.5704339637505367
7.92	-0.11424504990000811	2.365705951476988	-0.6979877054473224
7.95	-0.33096698292743015	2.3131160494470784	-0.8218035963360247
7.98	-0.5428506425740228	2.2350966111695665	-0.9411369044766896
8.01	-0.7473368471879015	2.1323203044399173	-1.055265240798159
8.04	-0.9419336260632873	2.0057231485565645	-1.1634930819291376
8.07	-1.1242474691401256	1.8564962980084394	-1.2651555132762662
8.1	-1.292023336242676	1.6860641473471747	-1.3596210856754487
8.13	-1.4431680203285437	1.496057311214203	-1.4462943918423183
8.16	-1.5757469119814147	1.2883015241791023	-1.524618974870877
8.19	-1.6879745038148999	1.0648322923366231	-1.5940805052758609
8.22	-1.7782298814858568	0.8279182626261089	-1.654209574681189
8.25	-1.845106805375473	0.5800626970116475	-1.7045836067488471
8.28	-1.8874773161661993	0.3239692201322157	-1.744828103062889
8.31	-1.9045413827015032	0.06248830804018398	-1.7746179259659272
8.34	-1.895856988104203	-0.2014294101552838	-1.793679042911178
8.37	-1.861364965891979	-0.4647700647771087	-1.801790441042429
8.4	-1.8014132884522718	-0.7245089850905369	-1.7987855738254683
8.43	-1.7167578306470141	-0.9776995195231536	-1.784553105192668
8.46	-1.608510912777003	-1.2215796341581289	-1.7590373928202745
8.49	-1.4780440717059111	-1.4536449964779075	-1.7222393030076144
8.52	-1.326895359844564	-1.671652160461127	-1.6742173774072495
8.55	-1.1567325630638794	-1.8735688440909404	-1.6150887336672772
8.58	-0.9693724474525467	-2.0575272131095295	-1.5450291547317758
8.61	-0.7668023332214123	-2.2218210775293112	-1.4642725783732742
8.64	-0.5511521316502296	-2.3649365609730437	-1.3731107690993618
8.67	-0.32462373967783714	-2.4855735409968314	-1.2718935897532668
8.7	-0.08943871738457443	-2.5826343013588446	-1.161029288089408
8.73	0.1521461755272285	-2.6552005981812075	-1.0409837061253762
8.76	0.39777529966523967	-2.702537119446864	-0.9122780350305925
8.79	0.6449576086658889	-2.724128111530471	-0.775486064346117
8.82	0.891112802993615	-2.719711424950653	-0.6312323638367713
8.85	1.133676181151032	-2.6892721613327515	-0.4801917608395649
8.88	1.37017915120317	-2.6330028000851513	-0.3230887856133158
8.91	1.598245981122546	-2.5512782496873028	-0.16069526132360012
8.94	1.8155313591411746	-2.4446815952657754	0.006174329597338648
8.97	2.0196823363951646	-2.314057859377664	0.17666796158406556
9.	2.2083820435303787	-2.1605325167351825	0.3498993627670299
9.03	2.379448933736417	-1.9854589518046661	0.5249489941900013
9.06	2.5309108462140255	-1.7903319498442416	0.7008647504432786
9.09	2.6610025142078646	-1.5767454323047132	0.8766650888839999
9.12	2.768114429719569	-1.3464321047107854	1.0513451973320103
9.15	2.8507660556065235	-1.101336757849293	1.2238838795949587
9.18	2.9076428138748196	-0.8436331602740508	1.3932480512807734
9.21	2.937664547457708	-0.5756452918445915	1.5583940732042803
9.24	2.940022146187224	-0.2997290311434495	1.7182684094155942
9.27	2.914159239824172	-0.018211543021121063	1.8718109865405048
9.3	2.8597375507934326	0.26657340188466244	2.0179621241062913
9.33	2.776635942546266	0.5522161215437369	2.155670439121306
9.36	2.6649825873370654	0.8362260047714754	2.283898243271045
9.39	2.5251684306169744	1.1161210539733932	2.4016236558816115
9.42	2.3578027512827426	1.3895391692250327	2.5078422614248845
9.45	2.163639415639578	1.6542687261422384	2.601571911973093
9.48	1.9435481871093954	1.908173295236347	2.6818612955032606
9.51	1.6985689670596904	2.149090659580461	2.7477991386104366
9.54	1.4299977614566184	2.374809788642809	2.798520306120729
9.57	1.1394071913833004	2.583145981047798	2.8332084061137883
9.6	0.8285621338006988	2.7720319124816255	2.8510985441177703
9.63	0.4993045369154133	2.9395304630376806	2.8514845088616676
9.66	0.15353284135506295	3.083767157966391	2.8337311907764082
9.69	-0.20667461031742845	3.2028758099608106	2.7972888628225108
9.72	-0.5788819480130706	3.2950447808379453	2.7417051838764
9.75	-0.9602189524198854	3.3586474456135917	2.6666339829465646
9.78	-1.347479690181811	3.3923505493649984	2.571843558486866
9.81	-1.7373167283822932	3.3951178883570963	2.4572275403072523
9.84	-2.126371007259391	3.3661415366934184	2.3228181582766196
9.87	-2.5112495075330012	3.3048135724845777	2.168798664160314
9.9	-2.8884145187374175	3.2108056782560777	1.9955120971197016
9.93	-3.2541303066437637	3.084197308296655	1.803467061219203
9.96	-3.6045489937170863	2.92552370034795	1.5933437684146798
9.99	-3.9358779594854783	2.7356858153370966	1.3660022515943526
10.02	-4.244497957878373	2.5158081390111082	1.1224906441012228
10.05	-4.526962091974939	2.267194077867378	0.8640490997746354
10.08	-4.779929743744032	1.9914358976196487	0.5921070122320399
10.11	-5.000147625204139	1.690575076510675	0.30827569477835126
10.14	-5.184530190066831	1.3671462000562102	0.014340870834610981
10.17	-5.330285756582133	1.024043988245311	-0.28774323573488886
10.2	-5.434995971122949	0.664325378267374	-0.5958611501635546
10.23	-5.496617728105727	0.29112168987033915	-0.9077495950977346
10.26	-5.513462248604188	-0.09227646739918055	-1.2210189773141438
10.29	-5.484220779294205	-0.4822737963653474	-1.5331798058463781
10.32	-5.408040762704515	-0.8749376883683809	-1.8416690695884734
10.35	-5.284590441114599	-1.2661397594395343	-2.143874585298853
10.38	-5.114059699175244	-1.6517645977032716	-2.437159902964043
10.41	-4.897117054415968	-2.027823174121639	-2.718893758098259
10.44	-4.634891506334162	-2.3904142422954773	-2.986484987568051
10.47	-4.329015432585242	-2.735629013571477	-3.2374196100376693
10.5	-3.9816873582580254	-3.059539037337228	-3.4692956806032087
10.53	-3.5956803818162255	-3.3583106642699634	-3.679854314490559
10.56	-3.1742736181081326	-3.6283625279307015	-3.867008690862807
10.59	-2.7211645475015622	-3.8664558129907105	-4.028873365836796
10.62	-2.2404385103321487	-4.069695315234558	-4.1637937144969746
10.65	-1.7366035544397507	-4.235516849217022	-4.270372812510927
10.68	-1.2146165128459423	-4.361740014761083	-4.347493188352257
10.71	-0.6798194557957203	-4.4466824533123095	-4.394333119249534
10.74	-0.13778284150471545	-4.489261305671726	-4.410378818153465
10.77	0.4058694521936544	-4.48902238366788	-4.395433318074005
10.8	0.9455781048703373	-4.446107557110949	-4.349621187994807
10.83	1.475903855520083	-4.361210723051899	-4.273387641272166
10.86	1.9915719946817128	-4.23554738003201	-4.167491770587867
10.89	2.4875446876581	-4.070819818671862	-4.0329950265397
10.92	2.959105896771916	-3.8691583093197286	-3.8712459944448434
10.95	3.4019177107815533	-3.633053832109153	-3.6838613131004507
10.98	3.812035538420765	-3.365315408407083	-3.47270201037872
11.01	4.185912196369097	-3.069056600628183	-3.239845540979675
11.04	4.520425039745443	-2.7476766881477603	-2.9875552256891185
11.07	4.812924167041922	-2.404805454515325	-2.7182487698922153
11.1	5.0612696472341545	-2.044226915487239	-2.4344659804395308
11.13	5.263837294238427	-1.6698291254810387	-2.1388346563628415
11.16	5.419508361126674	-1.2855984711450776	-1.834034570334663
11.19	5.5276717985513235	-0.8956152778923805	-1.5227616381642723
11.22	5.588241297756865	-0.5039893457201919	-1.207695155777798
11.25	5.601657779615367	-0.11473351934745617	-0.8914690354271961
11.28	5.568854485681556	0.26834776850378855	-0.5766451454967156
11.31	5.491201924680086	0.6416739622338073	-0.26568637993075234
11.34	5.370473075001518	1.0018179817574804	0.03907015562009842
11.37	5.208840638331326	1.3454566872100753	0.3354362826149977
11.4	5.008867085932147	1.6694401264699685	0.6213887743659513
11.43	4.773439957417416	1.9709568768872547	0.8950786288798889
11.46	4.505661566128465	2.2476597113055057	1.1548377095267937
11.49	4.208765407532752	2.4976360048617474	1.3991865331313285
11.52	3.886120170435143	2.719253685640084	1.626842642755124
11.55	3.5412905679972333	2.9110410928781287	1.8367251131191429
11.58	3.17804453139683	3.0717304194378157	2.027951544928888
11.61	2.800228086585533	3.200428282360217	2.199828838035814
11.64	2.4115633292015097	3.296739717216656	2.351843082067738
11.67	2.015531424541196	3.360709473372828	2.4836527922922302
11.7	1.6154545396965971	3.392625924544678	2.595084493002464
11.73	1.214706887807915	3.3928744022565342	2.686125739092316
11.76	0.8168345176546012	3.3619776369615404	2.756912253721992
11.79	0.4254094606153257	3.300762458415576	2.8077114144905244
11.82	0.043675391564068834	3.2104454285174344	2.838908032071239
11.85	-0.32573959549862636	3.092496984910263	2.8509961196631206
11.88	-0.6807754243716072	2.948371930536371	2.8445741008376024
11.91	-1.0195443699168887	2.779359448741407	2.8203368709519463
11.94	-1.3398668237081892	2.5867339284664816	2.7790605867164944
11.97	-1.6390951656933708	2.372128604297012	2.7215829591621206
12.	-1.914370042873696	2.137839763296005	2.6487866872412638
12.03	-2.1631266525875574	1.8868031234467877	2.5615918535558606
12.06	-2.383501200546583	1.622245697497158	2.460956241192099
12.09	-2.5744059441910676	1.3472711171828227	2.347876850131853
12.12	-2.7353149433677197	1.064658835923354	2.2233862598477607
12.15	-2.8659864916284907	0.7769492180819874	2.0885430232935693
12.18	-2.9663168997312694	0.4866550069614576	1.944420607402666
12.21	-3.036353667888778	0.19638315739093173	1.7920999424951465
12.24	-3.0763651670890844	-0.09121654136650256	1.632666694285691
12.27	-3.0868647745275037	-0.37358936762836614	1.4672101985327775
12.3	-3.068576525715032	-0.6483601577431088	1.2968203945148828
12.33	-3.022396711559604	-0.9133086528178355	1.1225819432279034
12.36	-2.9493935240066573	-1.1662942569651482	0.9455677044948225
12.39	-2.850831641968155	-1.4052213372747806	0.7668340063226167
12.42	-2.7281816010759514	-1.6280758357526948	0.5874179346361639
12.45	-2.583098585186789	-1.832989875843275	0.4083348458773801
12.48	-2.4173930185318864	-2.018277862482331	0.23057449429981514
12.51	-2.23301936388643	-2.1824331615575345	0.05509603842112724
12.54	-2.032079962575775	-2.3241181281305274	-0.11717645133606139
12.57	-1.8168181953212406	-2.4421770574965866	-0.28535689718865526
12.6	-1.5895879905052985	-2.5356661704850034	-0.4485990916305592
12.63	-1.3528172048042073	-2.6038738830447987	-0.6060989887876171
12.66	-1.1089908885249775	-2.646319857061894	-0.7570980807519102
12.69	-0.8606546848714155	-2.662748589651295	-0.9008870686203767
12.72	-0.6104094379506853	-2.653137427547639	-1.0368085019401256
12.75	-0.36087248855114074	-2.617716816021703	-1.1642579571474017
12.78	-0.11461699067365996	-2.5569820424390857	-1.2826846054173096
12.81	0.1258729508646049	-2.4716843983071874	-1.391592311202587
12.84	0.35820916746903253	-2.362813826442143	-1.490541484658002
12.87	0.5800891418981436	-2.231592992810739	-1.57915085263638
12.9	0.7893118420463422	-2.0794827685231794	-1.6570982347633147
12.93	0.9838376939642117	-1.9081753154243821	-1.7241202974686634
12.96	1.1618628848846806	-1.7195542979905238	-1.7800120747479453
12.99	1.3218588128171929	-1.5156315947719678	-1.8246269304456153
13.02	1.4625570288928655	-1.2984926416293758	-1.857876818678802
13.05	1.58290577075682	-1.0702710018828474	-1.8797321520199464
13.08	1.6820376180802454	-0.8331400129865865	-1.890220905181078
13.11	1.7592591616126072	-0.5892950073929923	-1.8894273381756845
13.14	1.8140412484465331	-0.34092252688456126	-1.8774910024398055
13.17	1.845992425388905	-0.09018630715870686	-1.8546061580018007
13.2	1.8548326718532016	0.16073980808465482	-1.8210210046649433
13.23	1.8404046959532905	0.4096029248968653	-1.7770360859408922
13.26	1.8027361032751343	0.654019504308766	-1.7230019679754722
13.29	1.742119128877491	0.8914915550779396	-1.6593170098315073
13.32	1.6591556895638517	1.1194902656486672	-1.5864258764090537
13.35	1.55474745785833	1.3355550760141444	-1.5048184914932066
13.38	1.4300617765166788	1.5373530445333585	-1.4150283832771349
13.41	1.2865201130646953	1.7226897905970047	-1.317629692510786
13.44	1.1258186223325497	1.8895109741199194	-1.2132332488848456
13.47	0.9499408157978625	2.035934846513173	-1.1024829198774153
13.5	0.7611170446087969	2.160314357163219	-0.9860530228687117
13.53	0.5617347120226314	2.2612896675918766	-0.8646463239389797
13.56	0.35425592596517264	2.3377994727792055	-0.7389913048657358
13.59	0.14119637304037774	2.3890616742274413	-0.609837863306848
13.62	-0.07484152340850622	2.4145621641629753	-0.47795198366510044
13.65	-0.2911454216544121	2.4140736110761356	-0.344110808065448
13.68	-0.5049369018952864	2.3876849916319176	-0.2090990297256374
13.71	-0.7134725180672221	2.3358055359159584	-0.07370611217953077
13.74	-0.9141338660837857	2.2591339965404034	0.06127707060539421
13.77	-1.1044491575744924	2.1586238846473185	0.19506305672930477
13.8	-1.2820574529347712	2.0354797898696133	0.3268735370636298
13.83	-1.4446821090837976	1.8911813880083261	0.45594457575114267
13.86	-1.5901658836733261	1.7274933180567424	0.5815304062346363
13.89	-1.716553653511727	1.5464266976462835	0.7029063016872265
13.92	-1.8221604858411222	1.350167058631307	0.8193718557622027
13.95	-1.9055811187384217	1.1410207931554472	0.9302554389630828
13.98	-1.9656579058932837	0.9214141595664707	1.0349192244623613
14.01	-2.001461086693643	0.6939220421052925	1.1327634255055905
14.04	-2.0123116733341444	0.4612693293834638	1.2232290212818455
14.07	-1.9978246887159907	0.22627521579736148	1.3057995939487426
14.1	-1.9579296229560341	-0.008227931516718261	1.3800035441533045
14.13	-1.8928567562177951	-0.23944124940015019	1.445417219707997
14.16	-1.8031213823081218	-0.4645896464384316	1.5016681595822086
14.19	-1.6895391356996587	-0.6808984302940593	1.5484371616038837
14.22	-1.5532618283969701	-0.8856193280066623	1.585458822656196
14.25	-1.3957875336619525	-1.076119730729106	1.6125216603415005
14.28	-1.2189185990565987	-1.2499818633029718	1.629469367687948
14.31	-1.0246994883283693	-1.4050478674371052	1.636203589955509
14.34	-0.8153943952328687	-1.5394068060534	1.6326868720983185
14.37	-0.5935208966495675	-1.6513848291731084	1.618943794945655
14.4	-0.36188075586336715	-1.739595341516788	1.5950594867115457
14.43	-0.12350721130127282	-1.803033165172272	1.5611766349879006
14.46	0.11848528331555583	-1.841135288090315	1.5174930459441178
14.49	0.3610688216921071	-1.8537516764938309	1.4642608748778871
14.52	0.6013827854521143	-1.8410534047630616	1.4017868102041202
14.55	0.8366973038886498	-1.803462165832545	1.3304314946735514
14.58	1.0643307627966474	-1.74165436276684	1.2506071973659851
14.61	1.2816235310630422	-1.6566088297142214	1.1627743828479389
14.64	1.4860046242935736	-1.549620441849397	1.0674386876568376
14.67	1.6750956105074464	-1.422241740141644	0.9651490681679826
14.7	1.8467675826607848	-1.2761968907089662	0.8564963364654942
14.73	1.999123416048906	-1.1133464751649618	0.7421105639300944
14.76	2.130453949241686	-0.9357288975923949	0.6226566780925193
14.79	2.239234825183823	-0.7456197556761636	0.4988291590611096
14.82	2.3241789045623107	-0.545524907238441	0.3713474532138574
14.85	2.384298322430503	-0.33808563888118803	0.2409528317093495
14.88	2.418924668593781	-0.1259617438586498	0.10840581543438972
14.91	2.427685248779351	0.08822010528989412	-0.025517420120235657
14.94	2.410478717806563	0.30183215698678084	-0.16003034070373384
14.97	2.3674851952330083	0.5121915036441493	-0.29434211219561646
15.	2.29919790974028	0.7165703135495061	-0.42766276634414035
15.03	2.206432866355506	0.9122882364660361	-0.559206706706543
15.06	2.090295051880305	1.096823717776189	-0.6881953921886028
15.09	1.952128150963033	1.2678666137967578	-0.8138607667124046
15.12	1.7934929685968632	1.4232969299312856	-0.9354501652041755
15.15	1.616185559057838	1.561146043074652	-1.052231881275508
15.18	1.4222570318333394	1.6796058613171132	-1.1634998596367214
15.21	1.2139881821347587	1.7770951292448571	-1.2685767445633425
15.24	0.9938146277203059	1.852333377906633	-1.3668159583418285
15.27	0.7642466401619843	1.9043705992935782	-1.4576041678765757
15.3	0.5278298615981994	1.9325694357187047	-1.5403648133662422
15.33	0.2871463711630913	1.9365793664710216	-1.6145620861286296
15.36	0.04481046542854047	1.9163351057729165	-1.679704155095294
15.39	-0.19658152140197238	1.8720683942176555	-1.7353450685996605
15.42	-0.4345377496500323	1.8042952355942057	-1.7810858755404255
15.45	-0.6667404237898025	1.713759963757246	-1.8165759728196142
15.48	-0.891052204295898	1.6013612158380868	-1.8415151113542874
15.51	-1.105463585505684	1.4681051732243635	-1.85565558005678
15.54	-1.3080292943840832	1.315107591356834	-1.8588038044728277
15.57	-1.4968401342091995	1.14362495689881	-1.8508211556235745
15.6	-1.6700379655361186	0.9550794472166672	-1.831624466441625
15.63	-1.8258484555925178	0.7510641917589406	-1.8011868153795152
15.66	-1.9626085225716912	0.5333446393192041	-1.7595385522221851
15.69	-2.0787904872748704	0.3038730181822387	-1.70676803407354
15.72	-2.173037767144662	0.06480640391640326	-1.6430217053924905
15.75	-2.244212933666141	-0.18150052626405677	-1.568503776098212
15.78	-2.2914387871744477	-0.43254289431870796	-1.4834760592678624
15.81	-2.3141141953222637	-0.6857340689656306	-1.3882581191610017
15.84	-2.311908343139758	-0.9384598965431046	-1.2832272094013903
15.87	-2.2847530979554076	-1.1881026635209755	-1.1688173649521578
15.9	-2.2328447346606186	-1.4320509490565463	-1.0455176581619592
15.93	-2.1566458290626866	-1.6677212357225273	-0.9138703365941206
15.96	-2.056872916533742	-1.892596570298573	-0.7744694797241436
15.99	-1.9344722890879908	-2.104263781405807	-0.6279599545664916
16.02	-1.7906020662508382	-2.300432169410107	-0.4750357637304058
16.05	-1.6266299985355688	-2.478939371445749	-0.3164372106174218
16.08	-1.4441316314124637	-2.637764394568577	-0.15294737726566413
16.11	-1.2448654146375795	-2.7750552721693977	0.014610980179468824
16.14	-1.0307263253206995	-2.8891556735503885	0.18537766067514377
16.17	-0.8037113260830341	-2.9786117687599942	0.35845720029504696
16.2	-0.5659259319217594	-3.042163519096841	0.5329222773060783
16.23	-0.31961560513946574	-3.0787446913344083	0.7078185217791805
16.26	-0.06716634474519093	-3.0875048132033576	0.8821693515734341
16.29	0.18896151488502055	-3.067834006741443	1.0549792488356342
16.32	0.4463312030079237	-3.0193594801047805	1.2252355697088957
16.35	0.7025746026687398	-2.9419129687056973	1.3919109193185673
16.38	0.9553372857588993	-2.835510440885539	1.553968058127458
16.41	1.2021776670796638	-2.700383077013793	1.710366864867887
16.44	1.4405376734286877	-2.5370394942167396	1.860070391101879
16.47	1.6678469054408211	-2.3462832995228196	2.0020473775389767
16.5	1.8816859104512118	-2.1291344147736955	2.1352720302356305
16.53	2.0798533855843298	-1.8867090866366045	2.258725239230341
16.56	2.2602582567833642	-1.6202013663966852	2.37140104871137
16.59	2.4207387192769585	-1.3310637653935362	2.4723176907312636
16.62	2.5590212179942924	-1.0213073290976111	2.560527811055986
16.65	2.672939830457515	-0.6936777537685346	2.635122433931562
16.68	2.7607967966616442	-0.3514884893808065	2.695228559857136
16.71	2.821578644282235	0.0018681105770630777	2.740006591929411
16.74	2.8548295965851995	0.36343686557656807	2.7686551406304694
16.77	2.8602672628155994	0.730889036994836	2.7804254894430813
16.8	2.8374466857006087	1.1022592032627725	2.7746405729621944
16.83	2.7857323270064733	1.475436061430646	2.750710353621807
16.86	2.7045698388675063	1.8477753728834663	2.7081395629947944
16.89	2.593804583172061	2.216074772797354	2.646530961561121
16.92	2.4537847293907	2.5768560371980587	2.565590884220402
16.95	2.285206922850134	2.9266912491663493	2.4651408411673974
16.98	2.088898037382883	3.262341014854741	2.345132697331031
17.01	1.865760588139628	3.5806798843442373	2.205661682378443
17.04	1.6169278881606688	3.8785625091604876	2.046974074727574
17.07	1.3439678015158962	4.15279075519106	1.8694717637796798
17.1	1.048938628321819	4.400209765708088	1.6737183723702336
17.13	0.7342547610804578	4.617838164831134	1.460448832433442
17.16	0.4024992499813002	4.8029337150028555	1.2305793807939316
17.19	0.05635175020667794	4.952986431878046	0.9852130429287911
17.22	-0.30133127916134256	5.065705916206912	0.7256386008874789
17.25	-0.6673979059819254	5.139057161126136	0.45332555676610753
17.28	-1.0383805612942825	5.171331635869895	0.169919030009519
17.31	-1.4106013612870363	5.161201348419975	-0.12276434541163712
17.34	-1.7803111876815647	5.107730541336482	-0.4227423432426868
17.37	-2.1437595498203263	5.010371175309361	-0.7278785226428356
17.4	-2.4971820158709304	4.868981003251857	-1.0358998526126677
17.43	-2.8367768891429748	4.683866524478956	-1.3444180965080557
17.46	-3.158738875455257	4.4558163253400345	-1.6509521061367944
17.49	-3.4593453512556476	4.186098120808018	-1.952950667512325
17.52	-3.7350382424954867	3.8764328056568127	-2.2478178248328304
17.55	-3.9824632697346267	3.528979683262501	-2.5329421976937647
17.58	-4.198484019574028	3.146343006355237	-2.805729419588799
17.61	-4.3802112652212175	2.7315724958019305	-3.063635275216582
17.64	-4.5250569603300566	2.2881290695212373	-3.3041979736365916
17.67	-4.630783218941568	1.8198269002863143	-3.5250699475583493
17.7	-4.695520663345079	1.3307959826792755	-3.7240501729920257
17.73	-4.717771385527023	0.8254908133641929	-3.8991166144580967
17.76	-4.696436032916081	0.3087154780978837	-4.048456810603886
17.79	-4.6308799701392225	-0.21439467479561644	-4.170494780036302
17.82	-4.521009814139583	-0.7384613560839944	-4.263914105619257
17.85	-4.367323507190323	-1.2579852901553343	-4.32767817075062
17.88	-4.170933671540878	-1.7674443411986829	-4.361047745367299
17.91	-3.9335937024431527	-2.261357877677842	-4.363594511984352
17.94	-3.657731258323613	-2.734368642487394	-4.335208823412167
17.97	-3.346439129581906	-3.1813903875056977	-4.27610154345215
18.	-3.003365937980904	-3.597795349848696	-4.186801435619733
18.03	-2.632521631154524	-3.979551125758268	-4.068149236226505
18.06	-2.2380977970127214	-4.323240535821052	-3.9212876219645145
18.09	-1.8243992413494106	-4.625992729633089	-3.747645215035043
18.12	-1.395877790296148	-4.8854201902026615	-3.548914223896312
18.15	-0.9571559189156409	-5.099625755753192	-3.3270239708337526
18.18	-0.51294012588906	-5.26725426674808	-3.0841133825302967
18.21	-0.06784674757838617	-5.387514970636122	-2.8225033016448022
18.24	0.3737312812700145	-5.460142412798168	-2.544666507772251
18.27	0.8076163490294087	-5.485340245338045	-2.2531930865427006
18.3	1.2297364012370693	-5.463771320963163	-1.9507519487383507
18.33	1.6360609549773424	-5.396595881036219	-1.6400526989989754
18.36	2.022689757071799	-5.285490913361351	-1.323811910113359
18.39	2.386048258495046	-5.132592365660525	-1.0047240115994607
18.42	2.7230341361624495	-4.940384078718455	-0.6854333374211719
18.45	3.031004806210363	-4.711620482165182	-0.36850428996210083
18.48	3.30765018554327	-4.449336718126687	-0.05639072078136736
18.51	3.5509004684502368	-4.156899721304756	0.24859085071448742
18.54	3.7589713042085995	-3.837996681945682	0.5442804428371765
18.57	3.930502811142297	-3.4965126511632545	0.8286869584739694
18.6	4.064655960146414	-3.13636475859914	1.0999978465361115
18.63	4.1610793790747795	-2.7614132480532976	1.356589260722274
18.66	4.219790594896065	-2.3754971996187058	1.5970357439687888
18.69	4.241089436705461	-1.9825163760525069	1.8201156771005615
18.72	4.22556949344255	-1.5864324263370453	2.0248101885506578
18.75	4.174182749786824	-1.1911455744640018	2.2102971897155625
18.78	4.0882636559219545	-0.8003320783720663	2.3759443780452534
18.81	3.9694750966892753	-0.41736842665615775	2.5213032931765196
18.84	3.8197262079201573	-0.0453782004393726	2.646103027023204
18.87	3.6411306021887238	0.3126875402088806	2.7502409243202064
18.9	3.4360097547845667	0.65405347545457	2.833769842312472
18.93	3.206882301889413	0.9762266112111074	2.896884545523656
18.96	2.9563947349071236	1.2771080870088567	2.939910024331985
18.99	2.687225250936475	1.5549994406891303	2.963291597346354
19.02	2.4020365115481876	1.8084980620690085	2.9675839172193035
19.05	2.1035048261215987	2.036387083514913	2.953436762342752
19.08	1.7943612729996752	2.2376229331718607	2.9215792680786494
19.11	1.4773522109009898	2.4114125089510376	2.8728070376571546
19.14	1.1551079293701687	2.557271431700628	2.8079750860331236
19.17	0.8300221580298908	2.674973021054615	2.72799487100989
19.2	0.5042675164876699	2.7644148560559527	2.6338303063253155
19.23	0.1799649102448487	2.8255217256973197	2.526489079398946
19.26	-0.1406160707398897	2.858275038803002	2.4070105552651277
19.29	-0.4549870693498909	2.8628402192325324	2.2764552278405294
19.32	-0.7605563479163687	2.8396760984150493	2.1358994992412983
19.35	-1.054829879712767	2.7895397575955583	1.9864347385568877
19.38	-1.3355374604369616	2.7134113460887272	1.82916585370844
19.41	-1.6006081955128775	2.612438402258207	1.6652055690236047
19.44	-1.8480635894654638	2.4879626595343325	1.4956651485936516
19.47	-2.0759619452179567	2.3415889425020198	1.321645916346692
19.5	-2.2824613888325977	2.175199500484846	1.1442351748922328
19.53	-2.46594630744827	1.9908692422879684	0.9645059643114857
19.56	-2.625105884402736	1.7907423460827632	0.7835167037106835
19.59	-2.758910291605841	1.5769756029821107	0.6023073114655243
19.62	-2.866531893170995	1.3517884316152877	0.4218921037831341
19.65	-2.947301426842437	1.1175503395493567	0.24325288199104106
19.68	-3.000738832500836	0.8767968213706562	0.06733525900910597
19.71	-3.0266172100239332	0.632135633225201	-0.10495188935179778
19.74	-3.0249914471130164	0.3861146096130826	-0.2727366749550755
19.77	-2.996169776835425	0.14115902839598668	-0.4351867398839706
19.8	-2.940668028824104	-0.10038433690410684	-0.5915140589503669
19.83	-2.859195946061906	-0.33616386564411316	-0.7409797152113602
19.86	-2.7526792780086513	-0.5638012268992479	-0.8828965397398695
19.89	-2.6222769420545347	-0.7809650753207639	-1.0166296102575458
19.92	-2.4693591419433156	-0.9854792296149792	-1.1415963666384752
19.95	-2.2954590761163494	-1.175375612109955	-1.257267910923404
19.98	-2.1022421167510865	-1.3488622822848193	-1.3631714147817464
20.01	-1.8915164724059215	-1.504258662557116	-1.4588922802451152
20.04	-1.665262129358843	-1.6399717955722166	-1.5440749619191172
20.07	-1.4256346597233216	-1.7545355708807728	-1.6184226326746365
20.1	-1.1749304957272844	-1.84667054420963	-1.6816967212384857
20.13	-0.9155468475383532	-1.9153117599311325	-1.733717003687504
20.16	-0.6499795400385807	-1.9595992261180377	-1.7743619685730856
20.19	-0.3808620741832722	-1.978873610187803	-1.8035687145226422
20.22	-0.11100036687935752	-1.9727166985198314	-1.8213320891716314
20.25	0.1566488027186677	-1.9410292803360474	-1.8277035070590082
20.28	0.41906499007873693	-1.8841007126566462	-1.822790037658982
20.31	0.6732780266927411	-1.8026320076120539	-1.8067538200298177
20.34	0.916461153806573	-1.6977126625819488	-1.7798113141705534
20.37	1.1459868242538913	-1.5707766828994176	-1.7422319748795
20.4	1.3594603640405605	-1.4235552275792323	-1.6943365035857318
20.43	1.5547485466388735	-1.2580234199884583	-1.6364951970257493
20.46	1.730000905189978	-1.0763368569028107	-1.5691266305670044
20.49	1.8836514224515766	-0.8807697367171377	-1.492696317255551
20.52	2.0144000075355764	-0.6736758013758745	-1.4077147764222235
20.55	2.121190433801915	-0.4574789446366744	-1.3147348851225604
20.58	2.203202193354289	-0.2346762626135632	-1.2143489719911376
20.61	2.2598576304375233	-0.007829657783683708	-1.1071861551344533
20.64	2.2908323511831448	0.2204599260764545	-0.9939098454868323
20.67	2.2960603956965118	0.4475806504621285	-0.8752147922076693
20.7	2.2757378109937476	0.670926158204095	-0.7518232034415723
20.73	2.230330679725982	0.8879064114872037	-0.6244802289708186
20.76	2.1605827377986286	1.0959723630813296	-0.4939496241308945
20.79	2.067510091290033	1.2926610452182523	-0.36101008238912696
20.82	1.9523807915504883	1.4756426331590284	-0.2264518132933625
20.85	1.8166954681730472	1.6427450935573884	-0.09107243308908938
20.88	1.6621864591841986	1.7919559301198713	0.04432824109086715
20.91	1.4908285199596572	1.921428455814126	0.1789538079189935
20.94	1.3048295999565966	2.029517556389535	0.3120161090035745
20.97	1.10657928313563	2.114835912017082	0.4427387673301375
21.	0.8985747875828183	2.1762937281848678	0.5703602298758151
21.03	0.6833760289559142	2.213097991083299	0.6941376610825898
21.06	0.46361927130922986	2.2247300907262484	0.8133521832579829
21.09	0.2420551449843087	2.2109445932154097	0.9273144714686643
21.12	0.021536543666069698	2.1718054276690806	1.0353690922069447
21.15	-0.1950820213752332	2.107725166439749	1.1368969488402567
21.18	-0.405083740625045	2.01945856380802	1.2313168820712102
21.21	-0.6059660131861083	1.9080477901824782	1.3180881846671413
21.24	-0.7954024839205923	1.7747762147518495	1.3967147230785415
21.27	-0.9711536868461181	1.6211859913307887	1.466749482468052
21.3	-1.1310547269110476	1.4491372027272746	1.5277975342405201
21.33	-1.2731446581951102	1.2608077032321237	1.579516588419276
21.36	-1.3958552192587423	1.0585499219845544	1.6216164137998088
21.39	-1.4980879937431202	0.844646091066742	1.653859421657553
21.42	-1.5790802534694013	0.6211302789261065	1.6760635069914043
21.45	-1.6381418057592056	0.3898408167733884	1.688105833548177
21.48	-1.6744746230469851	0.1527058466214826	1.6899248899785537
21.51	-1.687237401472035	-0.08792886012217775	1.681519207844153
21.54	-1.6758198063571246	-0.32917786932622106	1.6629437517829015
21.57	-1.640115848716499	-0.5678046996430501	1.6343068095782474
21.6	-1.580592697494678	-0.8005926110312669	1.595769558589934
21.63	-1.4981354887586298	-1.0246437895088174	1.54754795241451
21.66	-1.3938360715428468	-1.2374392778118555	1.4899144539861697
21.69	-1.2689122282523535	-1.4366995453615765	1.4231973054026081
21.72	-1.124793573658728	-1.6202261140395524	1.3477772008162052
21.75	-0.9632484456265572	-1.7858726940136433	1.2640833301673644
21.78	-0.7864025085525943	-1.9316486690326693	1.1725908845211988
21.81	-0.5966190758579681	-2.0558448543384746	1.0738202908177443
21.84	-0.39634442236840467	-2.157082153301314	0.9683365117191159
21.87	-0.18804090083950262	-2.2342802312873915	0.8567465269690138
21.9	0.02576851375851893	-2.2866164077603064	0.7396947004292582
21.93	0.24242943242983045	-2.3135310024023004	0.6178575111550406
21.96	0.4591578898035781	-2.314768593315656	0.49193939397182
21.99	0.6731320643626685	-2.290404347152437	0.36267004638269573
22.02	0.8816051202554349	-2.240827480622648	0.23080195495811034
22.05	1.0819623111252328	-2.166703918137107	0.09710662169431701
22.08	1.2717105385687208	-2.0689579737056687	-0.03763081148471297
22.11	1.4484523871096622	-1.9487830610118222	-0.1726174169725056
22.14	1.609898666577942	-1.807653331749924	-0.30705744025508475
22.17	1.753923765309552	-1.647305501741317	-0.4401560464450767
22.2	1.878625174329821	-1.4696923930335704	-0.5711227609656614
22.23	1.9823525880506385	-1.276937545448246	-0.6991756991590378
22.26	2.0637081972143525	-1.0713132189819317	-0.8235467544467274
22.29	2.1215443306153263	-0.8552337971810791	-0.9434868955625021
22.32	2.1549757009870216	-0.6312393654581897	-1.0582706191604687
22.35	2.1633994509029644	-0.4019577264937503	-1.1671994118397653
22.38	2.146506979335349	-0.17005817969713277	-1.2696048835796785
22.41	2.104283290252427	0.06178329319967586	-1.36485223338943
22.44	2.0370026800005254	0.2909054813752784	-1.4523440047018121
22.47	1.9452269994711058	0.5146859280940361	-1.5315235036488328
22.5	1.82980089590299	0.7305791221211859	-1.6018773968529025
22.53	1.6918357630084355	0.9361606007435963	-1.6629376508979679
22.56	1.5326850290028242	1.129158687652866	-1.7142833782128448
22.59	1.3539223127183662	1.307468178624813	-1.7555428994890339
22.62	1.157326824694492	1.4691592749506357	-1.7863957675640605
22.65	0.9448651537740022	1.6124961094609482	-1.8065742929362334
22.68	0.7186567961110667	1.7359608036273313	-1.8158644852556685
22.71	0.48092921978427267	1.8382650513363765	-1.8141068116031838
22.74	0.23398669521679058	1.91834131633155	-1.801197180490766
22.77	-0.01978969183858275	1.9753294109822666	-1.777088074722206
22.8	-0.2779238878189718	2.00858202070807	-1.7417893602199372
22.83	-0.5378444696280308	2.017691999022737	-1.695368484999169
22.86	-0.7969252139107678	2.0025169716176805	-1.63795034806283
22.89	-1.0525504594006632	1.9631761503213272	-1.5697173652891825
22.92	-1.3021631315881999	1.9000247465248126	-1.4909098236159861
22.95	-1.5432703251797457	1.8136392001509218	-1.4018259574596104
22.98	-1.77342595973682	1.7048358969743556	-1.3028211198249589
23.01	-1.990235309119169	1.574703405754843	-1.1943061563982096
23.04	-2.1914035636664515	1.4246008196086566	-1.0767458552869364
23.07	-2.374802689527619	1.25610001407716	-0.9506581802034044
23.1	-2.5385093024191523	1.0709081822611413	-0.8166138965927
23.13	-2.6807954007218338	0.8708359611814985	-0.6752353053243988
23.16	-2.8001023965327128	0.6578363245964433	-0.5271932381952139
23.19	-2.895043442705797	0.43406382773653923	-0.3732030237256695
23.22	-2.9644432097016895	0.20187190604399874	-0.21402122943372132
23.25	-3.007378354026899	-0.03628050414657265	-0.05044427349098074
23.28	-3.023178998908368	-0.27794972698270826	0.11669207352030439
23.31	-3.011396432241742	-0.5207563759343119	0.28651464410541744
23.34	-2.9717831900513723	-0.7623281957776987	0.4581176616205846
23.37	-2.904318289777438	-1.000208485904166	0.6305690920892217
23.4	-2.8092534963143048	-1.2318417613346966	0.8029155703907218
23.43	-2.687120888913198	-1.4546757357658957	0.9741840899053391
23.46	-2.538675244538166	-1.6663021717822508	1.1433818748976294
23.49	-2.364818353219719	-1.8645166768744552	1.3094980045286981
23.52	-2.166584579003641	-2.047255474501988	1.4715090556635932
23.55	-1.9452115928522085	-2.212488853276678	1.6283872484952544
23.58	-1.7022256407772787	-2.3581925614081793	1.779106961135376
23.61	-1.4394380294247882	-2.4824361384399563	1.9226468238820853
23.64	-1.15882670954713	-2.583505084132205	2.057988894663801
23.67	-0.8623982314220794	-2.6599393760690266	2.1841195535790225
23.7	-0.5521666919659488	-2.710461897200541	2.3000355067760156
23.73	-0.23029073001767184	-2.733892351633032	2.404753636881773
23.76	0.10074369748178992	-2.7291652018838017	2.497319828804018
23.79	0.4380706320231063	-2.6954644507710963	2.576812967454204
23.82	0.7785989080788419	-2.632359618758535	2.6423451942961327
23.85	1.1192728809937984	-2.539812597686455	2.693063571769123
23.88	1.4572440771070028	-2.418046965668394	2.728157588117499
23.91	1.7898399033608952	-2.2674072415521938	2.746872081236588
23.94	2.11439247550665	-2.088344368315727	2.7485207867037387
23.97	2.4280962595323716	-1.8815373533712996	2.7324958827369707
24.	2.728009971973071	-1.648031295697508	2.69827319128926
24.03	3.011176017045546	-1.3892685796825175	2.6454167788960663
24.06	3.274742904713759	-1.1070065903624164	2.5735867758867417
24.09	3.5160115543191983	-0.8032239729687509	2.4825507041439203
24.12	3.732423544514431	-0.48010833216888493	2.3721953687860595
24.15	3.9215585275118627	-0.1401126095616806	2.2425366016045256
24.18	4.081170985455807	0.21401346701333876	2.093727093520382
24.21	4.209234261046397	0.5792796588642666	1.9260646489149627
24.24	4.303951146740003	0.9525583551744363	1.7400020902456104
24.27	4.363740518992286	1.33063538205521	1.5361571399175102
24.3	4.387250042772969	1.7101633983542448	1.3153193566424322
24.33	4.373419725373596	2.087582069292709	1.07845313442747
24.36	4.321556137099786	2.4591141568631403	0.8266987150863768
24.39	4.2313521074626275	2.8208753892719955	0.5613736753196341
24.42	4.10284023916637	3.1690216188321427	0.2839746500084445
24.45	3.9363465115512533	3.499820271482246	-0.003823940461806451
24.48	3.732521089554203	3.8096136552431705	-0.3001772211523658
24.51	3.4924439477282334	4.094754881924333	-0.6030828865128288
24.54	3.2177130566718684	4.3516250764253845	-0.9103964248152758
24.57	2.9104239711389384	4.5767564553406	-1.219845640681698
24.6	2.573051130375744	4.76698044187176	-1.5290453655991194
24.63	2.2083415972204037	4.919502797465359	-1.8355162099673
24.66	1.8193221553026286	5.031891011167697	-2.1367100821385456
24.69	1.4094030406013864	5.102049418940271	-2.430041026361592
24.72	0.982454194513969	5.128260204183054	-2.7129169968959297
24.75	0.5427451997772058	5.109288131670668	-2.9827694532646594
24.78	0.09476535334527453	5.044476156784443	-3.237081648762054
24.81	-0.3569514161907847	4.933773120472899	-3.4734189195622753
24.84	-0.8078907823808512	4.777709872119098	-3.689462688913544
24.87	-1.2535292816039565	4.577385597731607	-3.883046127296848
24.9	-1.6893298743338083	4.3344898264765765	-4.052187462730756
24.93	-2.110852385732487	4.05131228838538	-4.195118636535369
24.96	-2.5139464007208447	3.7306714562066405	-4.310310217273489
24.99	-2.8949010118870975	3.3757549740586437	-4.396494706845543
25.02	-3.250453486238675	2.989948645976055	-4.452688573821598
25.05	-3.57767464752133	2.576746235335845	-4.478210874871844
25.08	-3.8738377864896556	2.139762116866134	-4.472696022457825
25.11	-4.136363719492785	1.6827853014546998	-4.436100284491415
25.14	-4.362849523155255	1.209800341977186	-4.368703491070993
25.17	-4.55112721807546	0.7249629588955154	-4.2711071034675046
25.2	-4.699313037885503	0.2325788671734533	-4.144227957461806
25.23	-4.805858836956196	-0.26287720837435863	-3.989286090392166
25.26	-4.869632238887847	-0.7567325211529926	-3.80778632341875
25.29	-4.890014473688213	-1.2441475219451767	-3.6014952530218522
25.32	-4.8669675863109445	-1.7202384751715272	-3.372415693771853
25.35	-4.801037600499406	-2.1802437284166976	-3.122759037776714
25.38	-4.6933124517196125	-2.61965212326506	-2.8549144756475715
25.41	-4.545381424721017	-3.034257514212239	-2.5714145205303196
25.44	-4.359315469477475	-3.4201752013787146	-2.274898291534471
25.47	-4.137642634557611	-3.7738773335716167	-1.9680751419393077
25.5	-3.883287984384241	-4.092260147675572	-1.653690047212778
25.53	-3.5994881319234353	-4.372704643906219	-1.334490051021587
25.56	-3.289722456702901	-4.613093559832006	-1.013190580934223
25.59	-2.957680804712934	-4.811793988344839	-0.692442271839375
25.62	-2.6072351682660626	-4.967646350951367	-0.37480089237844555
25.65	-2.2423687224348527	-5.079978692496576	-0.06270249388815435
25.68	-1.8670665230154937	-5.148619906517591	0.24155681810516005
25.71	-1.4852320827228946	-5.173875396462405	0.5358390746183824
25.74	-1.1006838385741706	-5.156468100723395	0.818182005194299
25.77	-0.7172013893083959	-5.0974873960475096	1.0868141514006318
25.8	-0.3385234830440493	-4.9983755855484615	1.340164117653874
25.83	0.03176297666890335	-4.860928257473912	1.5768627657649177
25.86	0.3903826721134544	-4.6872575892069595	1.795741173014379
25.89	0.7344416587925354	-4.479707773413287	1.9958286817273232
25.92	1.061332804046399	-4.24077707694322	2.1763524909191143
25.95	1.368563361882269	-3.9731080247370216	2.3367358403863037
25.98	1.6536854949124484	-3.6795316882287086	2.476590688983957
26.01	1.9144234697416709	-3.363072362414961	2.595704414202528
26.04	2.148889820892765	-3.026840202155981	2.694024820904875
26.07	2.355667987967826	-2.673868909348199	2.7716484892043187
26.1	2.533646556817994	-2.3070675506836795	2.8288130786313075
26.13	2.681738454029767	-1.9294073580394142	2.8658890355191113
26.16	2.798768954442097	-1.5442568874763922	2.8833657983857752
26.19	2.8837017555781768	-1.1555875570186234	2.8818329315637303
26.22	2.936072411435358	-0.7677978775481026	2.8619625464353686
26.25	2.9562871805570268	-0.3851749977615165	2.824499734599763
26.28	2.945534761651388	-0.01131568413813335	2.770261558050777
26.31	2.905377112005932	0.35110914836717155	2.7001378799302547
26.34	2.8373391801973105	0.7001123750900156	2.6150857648359893
26.37	2.742782673641874	1.0338879287716114	2.5161149177947166
26.4	2.6230817512784155	1.350424414148541	2.404269500301285
26.43	2.4798734723305844	1.6474717117868858	2.2806146421983056
26.46	2.3151386176715616	1.9228013438938116	2.146231717343494
26.49	2.131063406036564	2.174502553873113	2.0022192097581786
26.52	1.9298391009144547	2.4010939840385435	1.8496923092929287
26.55	1.7135875153106814	2.601429684057481	1.6897769991491347
26.58	1.4844533151340584	2.7745433965282573	1.5236001918828603
26.61	1.2447409249014005	2.91958032462069	1.3522808850878336
26.64	0.9969484880944858	3.0358466526798837	1.1769256982620215
26.67	0.7436673973334279	3.1228968264718437	0.9986277967016857
26.7	0.48744465907147005	3.1805705701678684	0.8184655262833024
26.73	0.23072423466952713	3.208965140660668	0.6374982446400105
26.76	-0.02410891710118615	3.2083928923162115	0.4567600887141049
26.79	-0.27465776483577936	3.179370949886686	0.27725435377404645
26.82	-0.5185022722557846	3.1226406337899344	0.09995019622319087
26.85	-0.753263584958519	3.039181319743402	-0.07421902597974898
26.88	-0.9766858664649635	2.9301970979082586	-0.24435770643791893
26.91	-1.1866746115655753	2.7970891302871954	-0.4096112542882457
26.94	-1.381285100896972	2.641438939895328	-0.5691699209509318
26.97	-1.55870269828594	2.465008194569932	-0.7222717618964659
27.	-1.7172524385145937	2.269737474812559	-0.8682042227412047
27.03	-1.8554350383173936	2.057728137533464	-1.006305138649463
27.06	-1.9719595125858727	1.8312125673783732	-1.1359641927858324
27.09	-2.0657538598441114	1.592530510543626	-1.256624974500147
27.12	-2.135963576410056	1.3441177738553949	-1.367786843466076
27.15	-2.1819575958005664	1.0884941723793944	-1.4690058578740806
27.18	-2.2033450381071074	0.8282358013762645	-1.5598948882456274
27.21	-2.1999882362732786	0.5659354523408724	-1.640123677598833
27.24	-2.1720007193763533	0.3041707577846889	-1.7094193490505336
27.27	-2.1197368545529236	0.04549146056933506	-1.7675670903153133
27.3	-2.043787601483473	-0.20758671170248202	-1.814410375692071
27.33	-1.94498360820266	-0.45260470093678146	-1.8498504944825167
27.36	-1.8243903996971704	-0.6872044506023537	-1.8738457989621742
27.39	-1.6832844672460194	-0.9091720932057511	-1.8864111927499798
27.42	-1.52312195807298	-1.1164523896435155	-1.8876178545641784
27.45	-1.3455251291093446	-1.307134233709778	-1.877592695759811
27.48	-1.1522947095529874	-1.4794380247917926	-1.8565172018381986
27.51	-0.9454243183445581	-1.631734519543778	-1.8246259399584448
27.54	-0.7270844101147778	-1.7625907051525633	-1.782205352907781
27.57	-0.4995732219212364	-1.8708092861876529	-1.7295930341415062
27.6	-0.2652697925213443	-1.9554379510937996	-1.667176912097494
27.63	-0.02662424466739759	-2.0157609979765705	-1.595393553698395
27.66	0.21382189676053498	-2.0513051747708935	-1.5147254710325668
27.69	0.4534321644499732	-2.061870049158742	-1.425698220397218
27.72	0.6895253091977671	-2.0475567088242923	-1.328878208002595
27.75	0.9194628585836724	-2.008762671436317	-1.2248712147353031
27.78	1.140716942593604	-1.9461461119740766	-1.1143205981983173
27.81	1.3508785965845176	-1.8605989948289725	-0.9979040641331014
27.84	1.5476267210466637	-1.753260652717115	-0.8763290057318824
27.87	1.7287180707284981	-1.6255543415489637	-0.7503276328960052
27.9	1.8920360349501868	-1.4791931215902012	-0.6206531851258184
27.93	2.035673807900138	-1.3161236986611462	-0.48807728441582054
27.96	2.1579914867448244	-1.138440335330383	-0.3533871314952494
27.99	2.257614338483619	-0.9483378732577011	-0.21738116277987934
28.02	2.3333999560335283	-0.7481372726875014	-0.08086312079698359
28.05	2.3844298224177076	-0.5403396053849617	0.05536404110482595
28.08	2.410047374724698	-0.32762601249932444	0.19050287093325766
28.11	2.4099088359036513	-0.11276781479387415	0.32376457629670863
28.14	2.3839976134993686	0.10149955660660596	0.454371997240921
28.17	2.3325944084267523	0.31254472674757	0.5815639305491108
28.2	2.256244759434428	0.5178111660631376	0.7046009577536635
28.23	2.1557652867449044	0.7147487655620283	0.8227713586778224
28.26	2.0322785192854202	0.9008054638184305	0.9353954939447365
28.29	1.8872230240370846	1.073518625772072	1.0418284031962626
28.32	1.7223039140226424	1.2306448585187026	1.141461922660933
28.35	1.5394134815470517	1.3702277192581902	1.2337278251537898
28.38	1.340590784824592	1.4905655257027737	1.318102150339967
28.41	1.1280526189151054	1.5901409769847183	1.3941093907676725
28.44	0.9042482192618922	1.6676078800188159	1.4613250562834528
28.47	0.6718510959026469	1.7218646028962237	1.5193764967836167
28.5	0.43365213994763774	1.7521488676046502	1.5679433316755875
28.53	0.19241490099978095	1.758063921543096	1.606758899413661
28.56	-0.04920018516633545	1.7395169502113663	1.6356127039934947
28.59	-0.28859225042791925	1.6966413463347598	1.65435234052608
28.62	-0.5231153938250231	1.629789990300513	1.6628833832181869
28.65	-0.7500285192355918	1.5396116138406288	1.661167316178305
28.68	-0.9665665170440478	1.4271347109068557	1.6492192877093783
28.71	-1.170093030640581	1.2937726582686262	1.627107624958297
28.74	-1.3582314409919172	1.1412383224827178	1.5949554601759444
28.77	-1.5289039394652295	0.9714374596742432	1.5529429407496285
28.8	-1.6802956439006227	0.7864165602397771	1.5013080221517572
28.83	-1.8108135154506408	0.5883739104089611	1.4403451132130418
28.86	-1.9190873052425343	0.37967863940634844	1.370402564982309
28.89	-2.004001107940537	0.16284619685073817	1.2918805492944752
28.92	-2.0647161856315552	-0.059522986100777504	1.2052298740576108
28.95	-2.1006697607276896	-0.284791808936731	1.1109508656055946
28.98	-2.111570935767574	-0.5102910127936023	1.0095910667294794
29.01	-2.0974164339774815	-0.7333047953909486	0.9017414656974654
29.04	-2.0585162025413006	-0.9510890788806726	0.7880322113426415
29.07	-1.995496344133497	-1.1609407030495802	0.6691289756535147
29.1	-1.909266181671019	-1.3602799993581678	0.5457301092936808
29.13	-1.8009768452052888	-1.5466933302274386	0.4185635901139007
29.16	-1.6720107124323909	-1.7179238721919576	0.2883827059921032
29.19	-1.524005282959678	-1.871852240256205	0.15596051263080907
29.22	-1.3588692928592834	-2.00651578115392	0.022084221897643284
29.25	-1.178746925712545	-2.1201702405265754	-0.11244935968527826
29.28	-0.9859355882422588	-2.2113504756099136	-0.24683738819786397
29.31	-0.7828125933206733	-2.2788883160567224	-0.3802746837064324
29.34	-0.5718199838361211	-2.321891034972997	-0.5119586264607184
29.37	-0.3554967995246071	-2.339721315133877	-0.6410950897083669
29.4	-0.1364960989892248	-2.3320091236163556	-0.7669041572526458
29.43	0.08246367561910259	-2.2986826879045807	-0.8886245050750307
29.46	0.29869739927787015	-2.2399805043973866	-1.0055165453320083
29.49	0.5096347326849759	-2.156426961211495	-1.1168655021953817
29.52	0.7128336580358832	-2.0487949069153015	-1.2219854423151464
29.55	0.9059427720028621	-1.9180908086633874	-1.3202240926658906
29.58	1.086676902327912	-1.7655674437249897	-1.410967263278912
29.61	1.252850560305219	-1.592731538382805	-1.4936418605881698
29.64	1.402449523437609	-1.4013146316250795	-1.567717619418968
29.67	1.5336813645783587	-1.1932163860161262	-1.6327086242556417
29.7	1.644970913913236	-0.9704648869111691	-1.6881755163833425
29.73	1.734926272095784	-0.7352258029218184	-1.7337282454768888
29.76	1.8023300671172278	-0.48984168260234284	-1.7690284281421982
29.79	1.846180418459654	-0.2368476658099408	-1.7937906081261554
29.82	1.8657528691790388	0.021070819306940335	-1.8077826538260633
29.85	1.8606367367235126	0.28115861393209884	-1.8108261509876267
29.88	1.8307321019602603	0.5406578491018332	-1.802797332751179
29.91	1.7762349666773276	0.7968320467001773	-1.7836282528973348
29.94	1.6976401032410773	1.0469676403047763	-1.7533074981693186
29.97	1.5957552834402837	1.28839558543967	-1.7118801707693216
30.	1.4716930402206243	1.5185489477651442	-1.6594476016165975