lambda	x	y	z
0.	2.1757131728816854	0.	2.175713172881685
0.03	2.1613179612614832	0.30482842642893404	2.169005664328438
0.06	2.118293507309556	0.6064814957362478	2.148918994068404
0.09	2.0471225823050623	0.9018146186030183	2.115560649357694
0.12	1.9486058739768242	1.1877471296767612	2.0691095071517367
0.15	1.8238535055819227	1.4612966450281868	2.00981541306669
0.18	1.6742723755876945	1.7196113075829094	1.9379985563891542
0.21	1.5015516570360892	1.9599986144910853	1.8540486081761514
0.24	1.307647094366502	2.1799525511295292	1.7584235836249718
0.27	1.0947621150926838	2.377180814643446	1.6516483864724387
0.3	0.8653239685892793	2.5496314130664346	1.5343129925059886
0.33	0.6219558799084853	2.6955163827273974	1.407070231498737
0.36	0.3674479478621569	2.813331462014955	1.2706331320309157
0.39	0.10472809527804039	2.9018724611428377	1.12577180158486
0.42	-0.16316830981081018	2.9602493123212157	0.973309824694636
0.45	-0.43313215993581866	2.9878973784801905	0.8141201743386057
0.48	-0.702017464767511	2.9845846111833256	0.6491206455950669
0.51	-0.9666788005149872	2.9504138716691295	0.47926883514548024
0.54	-1.2240069114273657	2.8858211463911507	0.3055567047465079
0.57	-1.4709623670211847	2.7915706471014325	0.1290047805181848
0.6	-1.7046089728177953	2.668746609204572	-0.04934394794876911
0.63	-1.9221478715075135	2.5187406216935173	-0.22843035476503548
0.66	-2.1209509495756986	2.3432339873669954	-0.40718565022100656
0.69	-2.2985910031851153	2.1441763032314296	-0.5845379137664537
0.72	-2.452867402712088	1.9237621450952853	-0.7594186023239682
0.75	-2.5818281843090656	1.6844064918632635	-0.9307689519030091
0.78	-2.6837901052055213	1.4287177645186666	-1.0975461969391425
0.81	-2.757356701008	1.1594673121299794	-1.2587295411994275
0.84	-2.801432742283061	0.8795561586314671	-1.4133258259396464
0.87	-2.815233750462119	0.5919816139685855	-1.5603748546115297
0.9	-2.7982910612033107	0.2998056934983851	-1.6989543480498879
0.93	-2.7504540414569014	0.0061246981183478945	-1.8281845189313732
0.96	-2.6718901264130883	-0.2859622304492913	-1.9472322686053976
0.99	-2.563081690362844	-0.5733862444943036	-2.055315022420126
1.02	-2.424818761292146	-0.8531413456843462	-2.1517042307576713
1.05	-2.258188404810118	-1.12231340064465	-2.2357285716266087
1.08	-2.0645627191660583	-1.3781053795804248	-2.306776896450836
1.11	-1.8455859342000978	-1.6178615059751618	-2.364300963410448
1.14	-1.603158883735062	-1.839092311564037	-2.407818002258226
1.17	-1.3394195416684755	-2.0394990673250257	-2.4369131510366775
1.2	-1.0567213000352682	-2.216994500453555	-2.4512417987819353
1.23	-0.7576119623663958	-2.369719330920616	-2.4505318594814964
1.26	-0.44481361978113376	-2.4960571906906464	-2.434585991724384
1.29	-0.12120033931540605	-2.59464959334125	-2.4032837662091655
1.32	0.21022829097169102	-2.6644094070211928	-2.35658377018955
1.35	0.546375613523045	-2.704530643689389	-2.2945256247140393
1.38	0.8840748147906603	-2.714494963246066	-2.2172318778451605
1.41	1.2201139025506418	-2.6940769444523456	-2.124909725601106
1.44	1.5512616592749826	-2.6433485209690675	-2.0178525027790313
1.47	1.8742967659126604	-2.5626806578977073	-1.8964408786510263
1.5	2.186038815952527	-2.4527407527852065	-1.76114368821994
1.53	2.4833781507272152	-2.314486770108266	-1.6125183285992208
1.56	2.7633031888287465	-2.1491602730908914	-1.4512106522945427
1.59	3.0229266850936645	-1.9582787320424986	-1.2779542946962263
1.62	3.259512824167046	-1.7436250572915075	-1.0935693817324796
1.65	3.4705050041730794	-1.5072323608900522	-0.8989605749920584
1.68	3.6535522621303596	-1.251364558175367	-0.6951144251337498
1.71	3.8065326672069046	-0.9784955152358402	-0.4830960193432495
1.74	3.927573913428841	-0.6912885280764695	-0.2640449241488994
1.77	4.015072377077945	-0.392575021180636	-0.03917044017377057
1.8	4.067710985473736	-0.08532987225156778	0.19025380051559826
1.83	4.084474746046586	0.22735747561122255	0.4228958517529612
1.86	4.064662669684472	0.542313865847813	0.6573720333151468
1.89	4.007896199320238	0.8563120790267905	0.8922540157261952
1.92	3.914125319026755	1.1660984708160151	1.1260763496359898
1.95	3.7836328792798355	1.4684207833233334	1.3573443811446595
1.98	3.6170361722952933	1.7600585294149638	1.5845424996569597
2.01	3.4152845094884046	2.0378554892912164	1.8061426733035961
2.04	3.179653128182828	2.2987512006128505	2.020613237994827
2.07	2.911735333740721	2.539809001652588	2.2264279188968765
2.1	2.613434164433861	2.758241496272863	2.4220750764926753
2.13	2.2869524437842186	2.9514363908434738	2.6060671822392965
2.16	1.9347788194328492	3.1169840099804733	2.776950539944465
2.19	1.559669287803293	3.252704428910425	2.933315277144746
2.22	1.1646268435505018	3.3566713011581353	3.0738056348466096
2.25	0.7528821627097767	3.4272322663225	3.197130582996919
2.28	0.3278745760533204	3.4630286041437564	3.3020747821925402
2.31	-0.10677073877579603	3.4630156927290128	3.3875098988856367
2.34	-0.5472717134113925	3.426482293514189	3.4524062614642763
2.37	-0.9897217088570684	3.3530658895686623	3.495844818206318
2.4	-1.4301206433750822	3.2427645697937604	3.5170293257169996
2.43	-1.8644048195302607	3.0959482287678535	3.515298658968404
2.46	-2.288480118432334	2.9133692232623045	3.4901390927719476
2.49	-2.698261675660094	2.6961688644672734	3.4411963611441427
2.52	-3.0897174979551663	2.4458771915794295	3.368287257651066
2.55	-3.4589114648488324	2.164408060435085	3.271410498832008
2.58	-3.8020448934347866	1.8540528825128142	3.1507565368302006
2.61	-4.115499600283025	1.5174722875427527	3.0067159791372022
2.64	-4.3958843061067014	1.15768116360945	2.8398862555967086
2.67	-4.640082385065199	0.7780241880837425	2.651076168027537
2.7	-4.84529747974265	0.3821440104283154	2.4413079681446423
2.73	-5.009095619905804	-0.026053602781975514	2.211816636437865
2.76	-5.129444785293353	-0.44243650039577476	1.964046079109267
2.79	-5.204752316304125	-0.862687927946275	1.6996420219545851
2.82	-5.233898243386722	-1.2823567116900596	1.420441458060236
2.85	-5.216261731297095	-1.6969149691790568	1.1284585981563482
2.88	-5.1517395499113565	-2.101818630805253	0.825867375152472
2.91	-5.040757519214914	-2.492566744760378	0.5149806635853675
2.94	-4.884275620095946	-2.864759606883201	0.19822648549201474
2.97	-4.683785331708491	-3.2141583521696737	-0.12187841880731498
3.	-4.4412967096937725	-3.5367468298523765	-0.4427571788838364
3.03	-4.159314550002461	-3.8287925345610025	-0.7618029821357757
3.06	-3.8408059373214694	-4.086901699355805	-1.0764102384310952
3.09	-3.48916219773079	-4.308066148291864	-1.3840060574021948
3.12	-3.108155879395925	-4.4897032236408165	-1.6820813585797483
3.15	-2.701890790803753	-4.629690925299695	-1.9682209449754344
3.18	-2.2747437921560394	-4.7263977575986535	-2.240131906735538
3.21	-1.8313007281258213	-4.77870415746506	-2.4956697810160007
3.24	-1.376291564045817	-4.786013098014014	-2.732861973874916
3.27	-0.9145281371343777	-4.748250738350347	-2.9499280452776673
3.3	-0.4508435446420036	-4.665859961126715	-3.1452965640731296
3.33	0.009969851431578788	-4.539788159123326	-3.3176183504864736
3.36	0.463223823645467	-4.371467992827373	-3.4657760337837864
3.39	0.9043944171829906	-4.162789866352993	-3.5888899571924653
3.42	1.3291736947499715	-3.9160677912117183	-3.686320556509605
3.45	1.7335128897268608	-3.6340021397069777	-3.7576674196337634
3.48	2.1136613978462093	-3.3196406729183137	-3.8027652991226044
3.51	2.4662045085883673	-2.976335945568148	-3.821677397545482
3.54	2.7880970314536335	-2.607697835794284	-3.8146862756920066
3.57	3.0766878297797238	-2.2175442300341994	-3.78228274742341
3.6	3.3297348277623784	-1.8098545092226368	-3.725153123742844
3.63	3.545415006930721	-1.3887262417115864	-3.6441651547642895
3.66	3.7223325661366085	-0.9583309996872625	-3.540352994335079
3.69	3.859523384994233	-0.522867104171239	-3.4149014809646356
3.72	3.95645267986877	-0.08651287158210502	-3.2691299932749573
3.75	4.013006421540926	0.3466145748194413	-3.104476101083806
3.78	4.029479790858667	0.7724946793730377	-2.9224791968074846
3.81	4.006564101850107	1.1872373575244708	-2.72476425805947
3.84	3.945330496796859	1.5871184475858635	-2.513025862573501
3.87	3.8472088273959035	1.9686147295756076	-2.2890125518389968
3.9	3.7139629726312187	2.3284342205199504	-2.0545116205428586
3.93	3.5476652659023853	2.663540200301329	-1.8113343950406604
3.96	3.3506707986486695	2.971171462957366	-1.5613020551983396
3.99	3.125589717421807	3.24886193351595	-1.3062320492909212
4.02	2.875255705374542	3.4944597909749437	-1.0479251502148186
4.05	2.6026915947124456	3.7061434042668395	-0.7881532019206654
4.08	2.3110751090563424	3.8824318153331796	-0.5286476065169728
4.11	2.0037065492614436	4.02219028159606	-0.2710886037914664
4.14	1.6839771679442852	4.124633157000832	-0.017095394944629697
4.17	1.3553356480302252	4.18932536629095	0.23178283967569244
4.2	1.0212521366481973	4.2161814825522015	0.4740749836554781
4.23	0.6851824026073712	4.205460698920505	0.7083950507062635
4.26	0.35053529277684636	4.15775745691512	0.9334482465905345
4.29	0.02064399180054542	4.073989195399345	1.1480360122962727
4.32	-0.30126137640295847	3.9553825798372433	1.3510600489060745
4.35	-0.6120821562312346	3.8034579983164933	1.5415253408646692
4.38	-0.9088798478220428	3.620011226472027	1.7185422111029098
4.41	-1.1889018320292355	3.407092167331865	1.8813274578384662
4.44	-1.4496019013828838	3.1669821502289768	2.029204637966877
4.47	-1.6886568191176408	2.902171244481908	2.1616035749769056
4.5	-1.903982051812826	2.615335246597203	2.278059179592879
4.53	-2.0937479633382283	2.3093107404116675	2.3782096783475537
4.56	-2.256394362170759	1.9870678236200612	2.4617943486964013
4.59	-2.390640541075713	1.6516824928140048	2.5286508589712064
4.62	-2.495490812650791	1.3063110216372142	2.578712307508238
4.65	-2.5702383740587784	0.954165952186169	2.612004047928168
4.68	-2.614469417826617	0.598490788395179	2.62864037720579
4.71	-2.6280660356570698	0.24253180973383387	2.628821150393677
4.74	-2.6112053958392982	-0.11049065482524652	2.6128283713002265
4.77	-2.564355375550472	-0.4574079493217399	2.581022792779224
4.8	-2.4882691303807745	-0.7951258247626352	2.5338405443069174
4.83	-2.383979433728015	-1.1206477963028652	2.4717897889445766
4.86	-2.2527906531347686	-1.4311013424526076	2.395447397320564
4.89	-2.096266630106159	-1.7237647825848272	2.305455613569446
4.92	-1.916215853124953	-1.9960913138284595	2.202518677807146
4.95	-1.7146763466887363	-2.2457297684688613	2.0873993621675053
4.98	-1.4939000919286762	-2.470544612666164	1.9609153730194844
5.01	-1.2563343329822934	-2.668636859911498	1.8239355709286182
5.04	-1.0045982500636779	-2.838364607984646	1.6773759622727356
5.07	-0.741456667776328	-2.978360764531081	1.5221954220622638
5.1	-0.46979360627533834	-3.0875471722878034	1.3593911161818075
5.13	-0.19258627074700474	-3.165146236232954	1.1899936025400293
5.16	0.08712261438805695	-3.2106909672208364	1.015061603926969
5.19	0.36625609984770047	-3.2240327133566273	0.8356764600529774
5.22	0.6417371734082666	-3.20534506218277	0.6529362815167165
5.25	0.9105228921415346	-3.155123397542896	0.4679498435089309
5.28	1.169636407589776	-3.0741809636290065	0.2818302710903219
5.31	1.4161974676363889	-2.9636422517079204	0.09568858011546899
5.34	1.6474533627664647	-2.8249332249773405	-0.08937285236763189
5.37	1.8608108907331582	-2.65976714860016	-0.27226680767474204
5.4	2.053867452397336	-2.4701257433145405	-0.45192765108644883
5.43	2.2244386895722483	-2.2582370110707863	-0.62731757980714
5.46	2.3705818402673815	-2.026551398592657	-0.7974326133660365
5.49	2.490616117076522	-1.7777164871827065	-0.9613082536252939
5.52	2.5831415256490304	-1.5145488862647027	-1.1180247515308417
5.55	2.647055703063906	-1.2400024456435677	-1.2667119300212002
5.58	2.6815669022420203	-0.9571340143062838	-1.4065535263981603
5.61	2.6862019419845335	-0.6690693369926229	-1.5367910321862908
5.64	2.6608098882838767	-0.3789705136057084	-1.6567270232676838
5.67	2.605563026791547	-0.09000391731855625	-1.7657279870993814
5.7	2.520955431604271	0.19469342699314865	-1.8632266663993067
5.73	2.4077979090047283	0.472048989638563	-1.94872394922288
5.76	2.267208471132928	0.7390887585994736	-2.021790343384398
5.79	2.100599369854958	0.9929675793875004	-2.0820670783950845
5.82	1.9096624388793453	1.2309962427064898	-2.129266880347893
5.85	1.6963527878321294	1.4506679871273227	-2.1631744644923647
5.88	1.4628690717732329	1.649685580349834	-2.1836467867813156
5.91	1.2116295634610936	1.8259867997829247	-2.190613089740242
5.94	0.945246060975954	1.9777655355808132	-2.1840747700347887
5.97	0.6664981176867248	2.103488726663094	-2.1641050856078974
6.	0.37830705770369316	2.2019115900318993	-2.1308487098108317
6.03	0.08370693799594965	2.2720919765477525	-2.084521129185023
6.06	-0.21418844182731842	2.313401884471613	-2.0254078711008776
6.09	-0.512219805978025	2.3255343725145194	-1.9538635379456109
6.12	-0.8072150258544463	2.3085066743094913	-1.8703106165529322
6.15	-1.0960204382995222	2.2626612112612245	-1.775238025591023
6.18	-1.3755334409449353	2.1886642962100438	-1.669199360087055
6.21	-1.6427374194684492	2.087500638253846	-1.552810791463611
6.24	-1.8947370334396012	1.9604627544408182	-1.4267485835593252
6.27	-2.12879113308825	1.8091366339417898	-1.291746190114558
6.3	-2.3423426294993055	1.6353854356256343	-1.1485909069799787
6.33	-2.533046687677135	1.4413310973567197	-0.998120062550289
6.36	-2.6987982985608854	1.2293320232626017	-0.841216742185562
6.39	-2.8377583365182133	1.0019557603896656	-0.678805056078684
6.42	-2.948376120594917	0.7619479791072646	-0.5118449744743822
6.45	-3.0294074164331715	0.5122003038177876	-0.3413267685916605
6.48	-3.0799284090753645	0.25571817119731055	-0.168265109272167
6.51	-3.099346516850987	-0.00441242647905891	0.006307112481524937
6.54	-3.087407827712846	-0.2650609549450487	0.18134516898388794
6.57	-3.0442000239952574	-0.5230907814513025	0.3557990021154507
6.6	-2.9701501826843337	-0.7753975108347285	0.5286197671395365
6.63	-2.866018154729998	-1.018944756860163	0.6987663283495936
6.66	-2.7328866639605267	-1.2507971789030243	0.8652116237351132
6.69	-2.5721482863852607	-1.4681525005349312	1.0269488220713028
6.72	-2.3854884201431235	-1.6683735805597262	1.1829972049922843
6.75	-2.1748637952490464	-1.8490192417134468	1.3324077181792253
6.78	-1.9424776998435227	-2.0078713023229695	1.4742681491347223
6.81	-1.6907539273824892	-2.1429566358424186	1.6077079033870634
6.84	-1.4223102340293807	-2.252565510535232	1.7319023655958756
6.87	-1.1399301325473812	-2.33526808370618	1.8460768461447055
6.9	-0.8465316673432449	-2.3899290867891536	1.9495101266876522
6.93	-0.5451339908250219	-2.4157188563526137	2.041537629135535
6.96	-0.23882456228207194	-2.4121194441589298	2.1215542412125052
6.99	0.06927117090329081	-2.3789268604547944	2.18901683761629
7.02	0.376018911333947	-2.3162514050468337	2.243446538758887
7.05	0.678306176382845	-2.224516207592748	2.2844307489906175
7.08	0.9730747054282414	-2.1044522008372084	2.3116250132137774
7.11	1.2573515173937704	-1.9570888079600053	2.3247547251101977
7.14	1.5282760091005636	-1.7837422508851095	2.323616712205321
7.17	1.7831242889886412	-1.586003428926198	2.308080713142088
7.2	2.019333801901071	-1.3657243366015936	2.2780907513999082
7.23	2.234528735237047	-1.12500044207368	2.233666397886162
7.26	2.4265435773146953	-0.8661489293604162	2.174903903003893
7.29	2.593442812679655	-0.5916857379110647	2.101977167620514
7.32	2.733537714535066	-0.3043035048694569	2.015138512468061
7.35	2.8454021753830987	-0.006848949120730072	1.9147191974843332
7.38	2.9278875492155527	0.2977032175777664	1.801129636966256
7.41	2.98013469089562	0.6062802788794381	1.6748592535528348
7.44	3.001582140208854	0.9157426875331555	1.5364759142555047
7.47	2.991971344033172	1.2229137449026841	1.3866248951220732
7.5	2.9513501724761766	1.5246080124735357	1.2260273276035962
7.53	2.8800743713266415	1.8176608178644753	1.0554780890598154
7.56	2.7788052832692154	2.098960164686017	0.8758431116840729
7.59	2.6485030010721835	2.365479547783413	0.6880560978880657
7.62	2.4904161262032636	2.614308901527013	0.49311464515941117
7.65	2.3060699785036616	2.842682445855643	0.29207579879212636
7.68	2.0972535255283478	3.0480045710445216	0.08605106583499762
7.71	1.8660033596823027	3.2278753972669167	-0.12379906275146324
7.74	1.6145832101426412	3.3801159026100907	-0.33627102320043983
7.77	1.345459777260644	3.5027907410909167	-0.5501244560488973
7.8	1.0612775442884512	3.5942271312371497	-0.7640887766251252
7.83	0.7648344033370835	3.6530300497991126	-0.976869964632868
7.86	0.459057225065295	3.678095158563591	-1.1871575007507722
7.89	0.1469750075566861	3.6686201167395596	-1.3936313841214816
7.92	-0.1683111647161063	3.6241133491383546	-1.594969173992969
7.95	-0.48365911246361404	3.5443990725916317	-1.7898530110526636
7.98	-0.7959143432778939	3.4296188211088303	-1.9769765884433996
8.01	-1.101935908240259	3.2802309747821305	-2.1550520582018673
8.04	-1.3986217640339356	3.0970091267211126	-2.3228168749551847
8.07	-1.6829362021594148	2.8810382956472753	-2.479040594143893
8.1	-1.9519387183984607	2.6337075618412737	-2.6225316558099943
8.13	-2.202810988024157	2.3566996281364916	-2.752144196151627
8.16	-2.4328798737578716	2.051979713914421	-2.866784936752097
8.19	-2.6396382510877006	1.7217851201141066	-2.965420204925259
8.22	-2.8207669717260826	1.3686135359107823	-3.0470831374309957
8.25	-2.974158379642545	0.99520704702729	-3.1108811135400214
8.28	-3.0979383717193762	0.6045320317620195	-3.156003451909113
8.31	-3.1904848880808983	0.1997587303940351	-3.181729389027836
8.34	-3.250444554304094	-0.21575713068912625	-3.187436335402741
8.37	-3.2767501553337555	-0.6384933909070558	-3.172608379673682
8.4	-3.2686382810232084	-1.0647857280987718	-3.136844981255753
8.43	-3.2256640918657156	-1.4908574908124559	-3.079869759838654
8.46	-3.1477123542977257	-1.9128509538881397	-3.0015392563292838
8.49	-3.0350071163774355	-2.3268570729526856	-2.9018515059542267
8.52	-2.8881215939020968	-2.7289456773313265	-2.7809542317592175
8.55	-2.707986107773862	-3.1152000023240682	-2.639152437269346
8.58	-2.4958905928223243	-3.4817564097896017	-2.476915152272945
8.61	-2.2534811628603824	-3.824846355317814	-2.2948810672057873
8.64	-1.982753516047567	-4.140837589812768	-2.0938627809806647
8.67	-1.6860452810831776	-4.426274593196372	-1.8748493856809665
8.7	-1.3660255748652927	-4.67792022956767	-1.6390071203854122
8.73	-1.0256778381202318	-4.892799352004642	-1.387677846221292
8.76	-0.6682742264866065	-5.0682424637000505	-1.122375125820658
8.79	-0.297343976820123	-5.201926748146289	-0.8447777324438973
8.82	0.08336049719700674	-5.291913401541595	-0.5567204663762602
8.85	0.46989894419286393	-5.3366818778370275	-0.2601822174894597
8.88	0.8581828992274699	-5.33516125756676	0.04272871871603059
8.91	1.2440225202714912	-5.286757160054298	0.3497919909755861
8.94	1.623179772423754	-5.191371905772981	0.6586950518678716
8.97	1.9914235849058166	-5.049417057975903	0.9670552960543355
9.	2.344583223194873	-4.861819302910719	1.2724441746554291
9.03	2.6786000385541096	-4.630020519462159	1.5724129183597642
9.06	2.989580420265452	-4.355970931167546	1.8645194461323409
9.09	3.273851088185336	-4.042113057658043	2.1463559922025883
9.12	3.5280137550596846	-3.691355764661872	2.4155769532572466
9.15	3.748994416118805	-3.3070406566100408	2.66992644175157
9.18	3.9340851533979015	-2.892903916315825	2.9072650306538166
9.21	4.080980285479404	-2.4530341691368145	3.1255951897432683
9.24	4.187809319520764	-1.9918239557439779	3.3230849431106657
9.27	4.2531658941658215	-1.5139129958943167	3.4980893204500454
9.3	4.2761290346521195	-1.0241256548229394	3.649169229219012
9.33	4.256274435250836	-0.5274080695258732	3.7751074384737526
9.36	4.193677465420525	-0.028768085969010617	3.874921435533593
9.39	4.088910895352499	0.46678423117356543	3.94787299081207
9.42	3.943037257085841	0.9542993843916294	3.993474341364459
9.45	3.7575929885071977	1.4289535665569135	4.011490977278833
9.48	3.534563632728738	1.8861098807094139	4.001941084577473
9.51	3.276353595243044	2.3213710235371923	3.9650917617771215
9.54	2.9857537298623194	2.73062547981751	3.901452183118632
9.57	2.665905314528189	3.11009201038405	3.811763928665479
9.6	2.3202570514067227	3.4563626269691765	3.69698873944821
9.63	1.9525159772426837	3.766439262241683	3.5582939845518933
9.66	1.5665975814592734	4.037760726303907	3.3970361468893038
9.69	1.1665785686205246	4.268221643604119	3.214742646104876
9.72	0.7566501152090293	4.456186836055454	3.013092321586486
9.75	0.34106770372458384	4.6005016321037235	2.7938948970323274
9.78	-0.07590222393258438	4.700495718322651	2.5590697415613843
9.81	-0.4900340167991234	4.755979101770505	2.3106242320296646
9.84	-0.8971888531095149	4.767231648972413	2.0506320079364992
9.87	-1.2933557105113285	4.7349885173870865	1.7812113947905044
9.9	-1.67469100135376	4.660421854983921	1.5045042545468088
9.93	-2.037558700668578	4.545117357957449	1.2226555030032333
9.96	-2.378568516981971	4.391045104594873	0.9377935139427105
9.99	-2.6946080407059965	4.200526421106813	0.652011608288193
10.02	-2.9828674792441445	3.976199326762576	0.3673508034791047
10.05	-3.240859306096264	3.7209832753011307	0.08578397356724353
10.08	-3.466435816025998	3.4380417072599547	-0.1907984558851218
10.11	-3.6578048155572067	3.1307411582030555	-0.4606011820755653
10.14	-3.8135409136332794	2.8026082251785	-0.7219350018321449
10.17	-3.932590229560115	2.4572875740434905	-0.9732260549813302
10.2	-4.014269187712132	2.098502992569266	-1.213023328999822
10.23	-4.058260063558771	1.7300204159445598	-1.4400044503224527
10.26	-4.064604977912771	1.3556103865615434	-1.6529798171254106
10.29	-4.033697553453291	0.9790093728823339	-1.850895155826643
10.32	-3.966270531459118	0.6038826021205373	-2.0328326080665104
10.35	-3.8633792867176995	0.23379172799881878	-2.198010475749098
10.38	-3.726383180656778	-0.12783228804252417	-2.3457817681609567
10.41	-3.556926488244344	-0.4777140537284021	-2.4756317067380635
10.44	-3.356918549425413	-0.8127591802881818	-2.5871743494280093
10.47	-3.1285116762961853	-1.130079435486795	-2.68014849771718
10.5	-2.874076822527755	-1.4270139870606213	-2.7544130454123756
10.53	-2.5961791070356712	-1.7011447366993921	-2.809941919539685
10.56	-2.297554802104185	-1.9503080044503849	-2.8468187507952565
10.59	-1.9810885420382518	-2.172606387035434	-2.8652313945463974
10.62	-1.6497882198047968	-2.3664213768937756	-2.865466404247179
10.65	-1.3067576427665497	-2.5304235516238562	-2.847903538181085
10.68	-0.9551701860652392	-2.6635779405997946	-2.813010358589959
10.71	-0.59824555360688	-2.765146259020624	-2.7613369604048965
10.74	-0.2392273779997219	-2.8346891250972126	-2.6935108458335852
10.77	0.11864208658188638	-2.872068333240031	-2.610231941786556
10.8	0.47215020018737275	-2.8774465545318746	-2.512267740254164
10.83	0.8181413313107635	-2.8512832917857738	-2.4004485278749774
10.86	1.1535408855002416	-2.7943288457179505	-2.275662660529911
10.89	1.4753777356891025	-2.7076179604455213	-2.1388518321721195
10.92	1.7808084047207267	-2.59246210999182	-1.991006284419091
10.95	2.067143563295782	-2.4504381665169745	-1.8331599046827842
10.98	2.33187412408654	-2.2833731285322845	-1.6663851656197115
11.01	2.5726942940271424	-2.0933269188962154	-1.491787867103035
11.04	2.787521727823615	-1.8825748598403773	-1.310501653253961
11.07	2.974516779665574	-1.6535888775682472	-1.1236822906839177
11.1	3.1321018186988185	-1.4090151008055887	-0.9325017092391537
11.13	3.2589792843298215	-1.1516470981179179	-0.7381418223776077
11.16	3.3541463950958184	-0.8843966994579283	-0.5417881599699857
11.19	3.4169058104565524	-0.610264996805065	-0.3446233609420881
11.22	3.4468731650482605	-0.33231400187117954	-0.14782058594921713
11.25	3.4439823619585868	-0.05363708133285366	0.04746307951068259
11.28	3.4084881548393176	0.22267352471238205	0.24009315404753237
11.31	3.340964763562954	0.4935612376016158	0.42896414031370145
11.34	3.242300070864216	0.7560388338812475	0.6130056749515702
11.37	3.1136862806716707	1.0072191935095438	0.7911883713479037
11.4	2.9566080730621107	1.2443436864219197	0.9625292851635275
11.43	2.7728281073389778	1.4648103020793557	1.1260969427521106
11.46	2.5643688333473595	1.6662022834912338	1.2810158850932023
11.49	2.333490327979822	1.8463154333702163	1.4264706940163456
11.52	2.082665526465848	2.0031814680617335	1.5617094824856728
11.55	1.8145546749560555	2.135086743585985	1.6860468457228865
11.58	1.5319792888436816	2.2405880786186705	1.798866284176712
11.61	1.2378941217344728	2.3185274367132886	1.8996221220748546
11.64	0.9353560166788951	2.3680449689075442	1.9878409559096446
11.67	0.6274909229289738	2.388588276750142	2.06312267524065
11.7	0.3174619056613842	2.3799168764783247	2.125141103336534
11.73	0.00843937660374905	2.3421032516815115	2.173644307281013
11.76	-0.29642832931581803	2.275532290712201	2.208454626259072
11.79	-0.5940464934456707	2.1808987335206726	2.2294684629985806
11.82	-0.8814070837022214	2.059200702754214	2.2366558770905005
11.85	-1.1556199770125366	1.9117289438588043	2.230060010585009
11.88	-1.413940356756199	1.74005381269935	2.209796366392852
11.91	-1.6537941044075966	1.5460114507562936	2.176051949207319
11.94	-1.8728039104828778	1.3316876319824542	2.129084267537249
11.97	-2.0688157376571064	1.0993970092649032	2.069220184649353
12.	-2.2399227353513163	0.8516583295320723	1.9968545963849478
12.03	-2.384485047902778	0.5911685391192163	1.9124489055227318
12.06	-2.501146775773927	0.3207771497549053	1.8165292561148532
12.09	-2.5888516607192478	0.04345898626913086	1.709684487442849
12.12	-2.6468569262077657	-0.23771706532983072	1.592563766220146
12.15	-2.674743387195874	-0.5196228720553927	1.4658738575703807
12.18	-2.6724210680151836	-0.7991065222397272	1.3303760001494864
12.21	-2.6401312894526705	-1.073026336271932	1.1868823584094894
12.24	-2.578446133942772	-1.3382841098277583	1.0362520351244937
12.27	-2.488264614327216	-1.5918596011560588	0.8793866394658065
12.3	-2.370804034766084	-1.8308466893606976	0.7172254195449389
12.33	-2.2275861651571898	-2.0524891772723857	0.5507399827605612
12.36	-2.0604195887989794	-2.2542137155616713	0.380928641738122
12.39	-1.8713797591720667	-2.4336591375117975	0.20881043736586485
12.42	-1.662786684186049	-2.5887033574577245	0.035418902655088985
12.45	-1.4371787756673204	-2.7174888294391364	-0.13820435879856688
12.48	-1.1972820975539298	-2.8184458175179206	-0.3110161986734763
12.51	-0.9459763926342123	-2.890311601962494	-0.48197846888416557
12.54	-0.6862604187809822	-2.9321445327425018	-0.6500644997003547
12.57	-0.4212178794762742	-2.94333350643526	-0.8142654277928142
12.6	-0.15398297103857644	-2.9236040097205036	-0.973596296983824
12.63	0.11229604778556344	-2.8730208476244754	-1.127101863431447
12.66	0.37449499414718246	-2.791986563539442	-1.2738620483624754
12.69	0.6295510858737016	-2.6812349139220775	-1.4129969946451704
12.72	0.874496982550009	-2.5418201885896248	-1.5436716977315004
12.75	1.1064915211240465	-2.3751038003454434	-1.6651001960279166
12.78	1.3228491879804494	-2.1827385034064677	-1.7765493198090316
12.81	1.5210695891855919	-1.9666492389398387	-1.8773420106549021
12.84	1.6988654707861537	-1.7290099745385183	-1.966860234444224
12.87	1.8541865833431468	-1.4722178458461137	-2.0445475196662013
12.9	1.9852385919802547	-1.1988668778346567	-2.109911158858276
12.93	2.0904989739009485	-0.9117218621223411	-2.1625241141247424
12.96	2.168731843845183	-0.6136904937491662	-2.20202666788829
12.99	2.219000930658112	-0.30779213508362097	-2.2281278573729346
13.02	2.2406783717070864	0.0028752769326531548	-2.2406067260534925
13.05	2.2334488895624247	0.31516682599836054	-2.239313417800453
13.08	2.197311398290273	0.6259197509628386	-2.224170130172052
13.11	2.1325793271613604	0.9319827366324692	-2.1951719328108266
13.14	2.0398781767650997	1.2302477179009421	-2.152387445800645
13.17	1.9201384614263612	1.5176828190093912	-2.0959593617726315
13.2	1.7745848552349586	1.7913630710165636	-2.0261047851575116
13.23	1.6047239440676255	2.048497797049028	-1.9431153528856024
13.26	1.4123310733092802	2.2864566213024675	-1.8473570935974766
13.29	1.1994341425355945	2.5027959518783773	-1.7392699775311138
13.32	0.9682925745419714	2.69528515455471	-1.6193671070698
13.35	0.7213725983890151	2.861930121302046	-1.4882334987129198
13.38	0.4613216444259247	3.0009931524408278	-1.3465244110629884
13.41	0.1909430137280491	3.1110100307205357	-1.194963180235848
13.44	-0.08683081843565434	3.1908053567180255	-1.034338533659629
13.47	-0.36896842054744866	3.239505720223451	-0.8655013651259493
13.5	-0.6523729267539047	3.2565492637656406	-0.6893609676415385
13.53	-0.9339161863125712	3.2416909513393226	-0.5068807354169985
13.56	-1.2104711153125294	3.195004302362189	-0.31907336145181
13.59	-1.478942381189419	3.116880580761179	-0.12699557180978563
13.62	-1.736297412856787	3.008025189558076	0.06825754899151225
13.65	-1.9795988134095075	2.8694500138987897	0.2655585757970916
13.68	-2.2060367025233636	2.7024611588082013	0.46375402963535295
13.71	-2.412958286015038	2.5086432659357905	0.6616708540751344
13.74	-2.597893399103217	2.2898422614844494	0.8581229999689038
13.77	-2.7585771797645275	2.048147036278212	1.0519180394645402
13.8	-2.8929716670638492	1.7858687207680877	1.2418637358238593
13.83	-2.9992864050187045	1.5055162272821336	1.4267745045644484
13.86	-3.075996242433827	1.209768866882411	1.6054777132482612
13.89	-3.1218547619134283	0.9014487255669675	1.7768197812199946
13.92	-3.1359038262812855	0.5834947108124581	1.939672055973405
13.95	-3.117481056720955	0.2589373546870232	2.0929364587403447
13.98	-3.066226048455815	-0.06912816630584866	2.2355509074768616
14.01	-2.982084196009584	-0.39757159536933356	2.3664945398008754
14.04	-2.8653068326342908	-0.7232572720058438	2.484792770820545
14.07	-2.716448355374941	-1.043070705095131	2.589522230483109
14.1	-2.5363623734698586	-1.3539419221262718	2.679815631501156
14.13	-2.3261974505456946	-1.6528688034530028	2.7548666216588504
14.16	-2.087390505795493	-1.9369428081614637	2.813934673107955
14.19	-1.821656236322185	-2.203375388955194	2.856350056046204
14.22	-1.5309741628159068	-2.4495214786584336	2.8815189350129247
14.25	-1.2175764245431617	-2.6728994323710022	2.8889286131859064
14.28	-0.883936397955918	-2.8712104817291304	2.878152933924483
14.31	-0.5327545372439857	-3.0423599025003494	2.848857829923071
14.34	-0.16693900737473805	-3.184478259180945	2.800806989391522
14.37	0.21041665424305628	-3.295939989922477	2.7338675864454127
14.4	0.5960549430576699	-3.3753794201593923	2.648016000235422
14.43	0.9865745611729478	-3.4217064540070967	2.5433434251921927
14.46	1.378453022835307	-3.434122610592645	2.420061254056148
14.49	1.7680746082584355	-3.412135349825462	2.278506097032558
14.52	2.151762384435664	-3.3555687229905695	2.1191442853412235
14.55	2.5258106593458685	-3.264571010224551	1.9425756964029097
14.58	2.8865162358847543	-3.139621420242206	1.749536731572784
14.61	3.2302103469903445	-2.9815361357201073	1.5409022761748727
14.64	3.5532939562565686	-2.791471280694481	1.3176864758859914
14.67	3.852276540334233	-2.570920283272302	1.081042173320999
14.7	4.123815729064689	-2.321705901131193	0.8322588638029483
14.73	4.364755278421767	-2.045969556172666	0.5727590493674389
14.76	4.5721612763886	-1.7461596727777924	0.30409289445031623
14.79	4.743358173793925	-1.4250174513585383	0.027931114683283267
14.82	4.8759653153460665	-1.085556788027071	-0.2539439390940812
14.85	4.96793244518717	-0.7310370814959309	-0.5396490070284456
14.88	5.0175718728420735	-0.36493134437526453	-0.8272124287289188
14.91	5.023586402890858	0.009106776826082694	-1.114588372721644
14.94	4.98509383063833	0.38727619707484146	-1.399672692890411
14.97	4.90164863547696	0.7656645056297018	-1.6803202864928048
15.	4.773259781378729	1.1402899263125752	-1.9543637985994875
15.03	4.600402635002187	1.5071484403809137	-2.2196334900028014
15.06	4.384024314026321	1.862261909075735	-2.4739780598925574
15.09	4.125543743583421	2.201723709405312	-2.7152861909521007
15.12	3.8268476678248957	2.521742539142597	-2.9415085629824866
15.15	3.4902815872514275	2.818687808819856	-3.150680061768782
15.18	3.1186330016727846	3.089138005273419	-3.3409418927789094
15.21	2.715106040647588	3.3299288726347562	-3.5105632947112104
15.24	2.2832900448626043	3.538196750962472	-3.657962536310079
15.27	1.8271254550016405	3.7114159170071614	-3.781726871869181
15.3	1.350866771843095	3.847432842864523	-3.8806311272069776
15.33	0.8590386663309248	3.9444995175751627	-3.953654589512506
15.36	0.35638302595173554	4.00130341657879	-3.999995882254796
15.39	-0.15219941929809233	4.016989876007101	-4.019085521213475
15.42	-0.6617068769401953	3.9911762716559998	-4.010595870383071
15.45	-1.167092505044612	3.923961053866703	-3.974448247552991
15.48	-1.6633231481510828	3.8159287907151254	-3.910816968980347
15.51	-2.145443766688855	3.668148078853344	-3.8201301705707875
15.54	-2.608643859028079	3.4821595149124103	-3.703067298746281
15.57	-3.0483194492668004	3.259955641468829	-3.560553226632995
15.6	-3.4601285826362482	3.0039568394694793	-3.3937490188362545
15.63	-3.840043328706817	2.716983572587476	-3.2040394389714355
15.66	-4.1844007297634755	2.4022215085817513	-2.9930173660694304
15.69	-4.4899506476037265	2.0631774670519394	-2.7624653565259703
15.72	-4.753896187567235	1.7036291212065406	-2.5143346548806185
15.75	-4.973924665901764	1.3275735730552967	-2.250722016878921
15.78	-5.148230508625851	0.9391767492462383	-1.9738447596437574
15.81	-5.275531982693695	0.5427211336644714	-1.686014494295977
15.84	-5.3550814222674115	0.14254907391340504	-1.3896100243468243
15.87	-5.386667009829705	-0.2569969780403598	-1.0870499074641884
15.9	-5.37060526260353	-0.6516323086014786	-0.7807651781542267
15.93	-5.307725627578255	-1.0371819168628214	-0.4731727144780892
15.96	-5.199349201950935	-1.4096270763848133	-0.16664970369345342
15.99	-5.0472620837184285	-1.765149726258362	0.13649037917249268
16.02	-4.853682485289888	-2.100176153089762	0.43401991769774756
16.05	-4.621221531506173	-2.4114173788334528	0.7238171240426513
16.08	-4.352839789670247	-2.695902097480408	1.0038835984207486
16.11	-4.051802372061133	-2.951000695491402	1.2723593150018953
16.14	-3.721633750145826	-3.1744428070280923	1.527534943317192
16.17	-3.3660711747670957	-3.364331719545904	1.7678614847823504
16.2	-2.9890156393841636	-3.5191560927796277	1.9919572704274677
16.23	-2.594481845091845	-3.637796439994055	2.1986124261267364
16.26	-2.1865506490213633	-3.7195242115722915	2.386790963754869
16.29	-1.7693262532491902	-3.763994577178617	2.5556306994052016
16.32	-1.3468969043150396	-3.771236218442846	2.704441232223681
16.35	-0.9232960920285032	-3.741640071186954	2.8327002391733207
16.38	-0.502463498591812	-3.675945890753219	2.9400483522531746
16.41	-0.08820876111218473	-3.575224725160589	3.0262828858861712
16.44	0.31581834525077124	-3.440857823579671	3.0913506742687815
16.47	0.7061516299909655	-3.2745147481208083	3.1353402626307116
16.5	1.0795303100984472	-3.0781322048504847	3.1584736739929387
16.53	1.4329218963471502	-2.8538920020441374	3.1610979456653037
16.56	1.7635440892195309	-2.604196207463955	3.143676598974404
16.59	2.0688814358137835	-2.331640792630435	3.1067811731206034
16.62	2.3466961889314084	-2.0389909589733968	3.0510829211156416
16.65	2.5950372869807103	-1.7291585414999993	2.9773447338088315
16.68	2.8122505010486756	-1.4051781839594017	2.886413328268989
16.71	2.9969882049999366	-1.0701800171395022	2.7792117102610447
16.74	3.1482154946413634	-0.7273610836991481	2.6567318980454924
16.77	3.2652123051792135	-0.37995928705861004	2.5200278768244613
16.8	3.3475739937093687	-0.031230056098162023	2.370208740228911
16.83	3.3952118300154335	0.31557782421001984	2.208431967436077
16.86	3.4083520430835423	0.6572498138687891	2.0358967817574745
16.89	3.3875315149360796	0.9906351014987685	1.8538375385757069
16.92	3.3335902548299456	1.3126743257792572	1.6635170968642938
16.95	3.247662312495076	1.6204240662414053	1.4662201385692561
16.98	3.1311657700953535	1.911080082884686	1.2632464130748176
17.01	2.985790420156885	2.182001910560393	1.0559038989323348
17.04	2.8134814787631517	2.4307387931862423	0.8455018910270465
17.07	2.616419609170903	2.655054323615429	0.6333440374012295
17.1	2.3969992502508104	2.8529474082636455	0.4207213650691466
17.13	2.157806608089582	3.022669676547721	0.20890534744833525
17.16	1.901596425155005	3.1627411869575712	-0.0008589232869344847
17.19	1.6312655444085526	3.2719654402762854	-0.20735938816603366
17.22	1.3498227964460492	3.3494425675942843	-0.40942342311278745
17.25	1.0603572316579442	3.394578710660214	-0.6059239157958642
17.28	0.7660073211361459	3.407090911046327	-0.7957849468727862
17.31	0.4699316905399461	3.3870085821787232	-0.9779870121968939
17.34	0.17527955251483537	3.3346728011816507	-1.151571732948619
17.37	-0.11484092530635931	3.2507332571371346	-1.3156460134684094
17.4	-0.3973955174817373	3.136141669379103	-1.4693856210348546
17.43	-0.6694551652433358	2.9921412073436784	-1.6120381771173817
17.46	-0.9282234280713646	2.820252967833964	-1.742925564868928
17.49	-1.1710610277813922	2.622260856775625	-1.8614457719934614
17.52	-1.3955100288192184	2.400194816556415	-1.9670742008711093
17.55	-1.5993185755430728	2.1563111165009388	-2.059364488331852
17.58	-1.7804641062223279	1.8930692536581537	-2.1379488852577144
17.61	-1.937172302419262	1.6131070774924319	-2.202538250958428
17.64	-2.067931635679682	1.3192162280464026	-2.2529217188756827
17.67	-2.171505975960063	1.0143177657132147	-2.2889660886677112
17.7	-2.246946922234869	0.7014356498838552	-2.3106149953131614
17.73	-2.2936044251825187	0.38366679878240745	-2.3178878988950564
17.76	-2.311133256298629	0.06414986926401672	-2.3108789296477337
17.79	-2.2994953587254496	-0.25396403496292896	-2.2897556122264535
17.82	-2.2589603078700176	-0.567538662826522	-2.254757481610988
17.85	-2.1901046862439113	-0.873481033000989	-2.2061945912338334
17.88	-2.0938084634031133	-1.1687727768396596	-2.1444459024896023
17.91	-1.9712467662002522	-1.4505022642695993	-2.0699575343709498
17.94	-1.8238782287727895	-1.715894215493925	-1.9832408431747368
17.97	-1.653432080386801	-1.9623363706047001	-1.8848702955421153
18.	-1.4618938216357191	-2.187405478584757	-1.7754810939516315
18.03	-1.251487156758052	-2.388894018931395	-1.655766512469989
18.06	-1.024650898549788	-2.5648362983027573	-1.5264749022377777
18.09	-0.7840124416568035	-2.713531539079573	-1.3884063308378736
18.12	-0.5323603809188656	-2.833563167389154	-1.242408827210511
18.15	-0.27261679782959664	-2.9238153000721123	-1.0893742138418159
18.18	-0.0078073256168596054	-2.983487238065308	-0.9302335201045637
18.21	0.2589726807944813	-3.0121052083925983	-0.7659519842954092
18.24	0.5245949690618804	-3.009529859687763	-0.5975236664009426
18.27	0.7859353910093959	-2.975958985889272	-0.4259657081899936
18.3	1.0399091335542068	-2.911926265341942	-0.25231229108560943
18.33	1.283504737849247	-2.8182967719897936	-0.07760835466697717
18.36	1.5138186670030387	-2.6962587940266403	0.09709685110970022
18.39	1.728090764887244	-2.547310818496394	0.27075629937557033
18.42	1.923738633066956	-2.3732434784771574	0.442331720556975
18.45	2.098388408433453	-2.1761178060599486	0.610800051451693
18.48	2.2499012028099	-1.9582413947151014	0.7751597158250543
18.51	2.3763964714216574	-1.7221426431864413	0.9344366590169252
18.54	2.4762735730005785	-1.4705418598682056	1.087690067864388
18.57	2.5482309707090423	-1.2063185158374956	1.2340177185233319
18.6	2.591281206520543	-0.9324759904455124	1.3725609078821508
18.63	2.604760578795534	-0.6521063796159857	1.5025089384671124
18.66	2.588334364825929	-0.3683566977868142	1.6231031412771633
18.69	2.541999108394134	-0.08439535647403282	1.7336404350823196
18.72	2.4660821915853353	0.19662293190844263	1.8334764336632496
18.75	2.3612374750077376	0.471593605923133	1.9220281236259364
18.78	2.2284362889058027	0.7374973422910712	1.9987761442905274
18.81	2.0689549263755973	0.9914313475816862	2.0632667073574895
18.84	1.8843603714275006	1.2306374464041845	2.1151131973883484
18.87	1.676494210896541	1.4525296096859692	2.1539974945477787
18.9	1.447452973074934	1.654721884046122	2.1796710586392343
18.93	1.1995643108406173	1.8350544180709736	2.191955808471392
18.96	0.9353612178607923	1.991614941214388	2.190744823382914
18.99	0.6575566856107732	2.122756134599535	2.1760028848015702
19.02	0.3690180730151605	2.2271113899790764	2.147766865570704
19.05	0.07273834787402862	2.303609635197805	2.106145964047777
19.08	-0.22819647488285957	2.351487191463443	2.0513217692994496
19.11	-0.5306408639979798	2.37029505714707	1.9835481337178804
19.14	-0.8314214648586611	2.359902598857584	1.9031508206699912
19.17	-1.1273675254015905	2.320499345479819	1.8105268879137832
19.2	-1.4153427177207674	2.252594563162906	1.706143762941865
19.23	-1.6922792928996404	2.1570127054105046	1.590537964502372
19.26	-1.9552124752425823	2.0348839827190117	1.4643134255305423
19.29	-2.2013124155705683	1.887631534725765	1.3281393766863032
19.32	-2.4279132064593485	1.716956965876321	1.1827477565547277
19.35	-2.63254047839904	1.5248239791726126	1.0289301240892017
19.38	-2.81293865338979	1.3134381786002878	0.8675340606625592
19.41	-2.9670969071261184	1.0852220088709743	0.6994590625913648
19.44	-3.0932718455129034	0.8427862763924883	0.5256519395539117
19.47	-3.1900059116206445	0.5889008263653398	0.3471017491753304
19.5	-3.2561421655973795	0.3264654057608679	0.16483431241542332
19.53	-3.290836366517727	0.058479353655469364	-0.020093632533497444
19.56	-3.2935661226015736	-0.21199163055119433	-0.2066005690818887
19.59	-3.26413594211912	-0.4818512525789356	-0.3935865566732471
19.62	-3.2026775761163577	-0.7480082779356901	-0.5799397184453935
19.65	-3.1096463898788693	-1.0074096468001745	-0.7645427780113532
19.68	-2.9858149082582783	-1.25707109022626	-0.9462795630923239
19.71	-2.83226363870499	-1.4941072126908743	-1.1240413990816092
19.74	-2.6503682026468462	-1.7157622017912948	-1.2967333241733083
19.77	-2.441782290351905	-1.919439762039197	-1.4632800689773917
19.8	-2.2084176367939725	-2.1027295796441976	-1.6226317569362363
19.83	-1.952423019181132	-2.263429181968257	-1.7737692966185077
19.86	-1.6761629517436523	-2.399562677881725	-1.9157094522906117
19.89	-1.3821947076028793	-2.5093984739592456	-2.047509594232191
19.92	-1.073242179202942	-2.591465993963556	-2.168272144276699
19.95	-0.7521674375218546	-2.64456934808547	-2.277148744298052
19.98	-0.42194293147572565	-2.6677965377801396	-2.373344185208274
20.01	-0.08562614282268505	-2.6605253520321934	-2.4561201409940625
20.04	0.2536649223073702	-2.6224281274453105	-2.5247987560585488
20.07	0.5927784686160237	-2.5534755278390535	-2.578766134472638
20.1	0.9285581266687175	-2.453937354540744	-2.617475776653488
20.13	1.2578712716235245	-2.3243794832562052	-2.6404520026165463
20.16	1.5776336788657537	-2.1656588871855256	-2.6472933915716426
20.19	1.8848320310283775	-1.9789188002480715	-2.6376762556694646
20.22	2.176547870473806	-1.765582844870814	-2.611358151680634
20.25	2.4499836727547937	-1.5273452320365482	-2.5681814189283876
20.28	2.7024881123601965	-1.2661568159563001	-2.508076715590368
20.31	2.931578193848035	-0.9842100824955153	-2.4310665092722843
20.34	3.134959330041496	-0.683925216231251	-2.3372684622881925
20.37	3.3105457347607112	-0.36793542232976006	-2.226898638095825
20.4	3.456481347198989	-0.03906805137108978	-2.100274443517549
20.43	3.5711592993056995	0.29967912156444837	-1.957817212332009
20.46	3.6532385257437907	0.6451635387585508	-1.8000543300370797
20.49	3.701658256188951	0.9941225325632073	-1.6276207973963193
20.52	3.7156517404147333	1.3431975194756594	-1.4412601319577734
20.55	3.6947589242805154	1.6889607474403883	-1.2418245120419873
20.58	3.6388362401723935	2.0279464089136523	-1.030274076508657
20.61	3.5480623343746784	2.356684525921583	-0.8076753055004834
20.64	3.4229406274748184	2.6717343540117398	-0.5751984217242913
20.67	3.2643004190501568	2.969715843746684	-0.3341137679148415
20.7	3.073296651732364	3.2473406782993988	-0.08578713308998631
20.73	2.8514063303052133	3.5014451464579452	0.1683259828400086
20.76	2.600419659264147	3.7290249204699952	0.4266871604584172
20.79	2.3224264179499188	3.927269327878943	0.6876828881190202
20.82	2.0198001864157846	4.093592737295226	0.9496333927951263
20.85	1.6951821983945843	4.225663006712962	1.2108024325961164
20.88	1.3514635883608521	4.321428750542605	1.4694080022265121
20.91	0.9917630850139713	4.379146426103454	1.723633898452479
20.94	0.6193990224240739	4.3974060125902055	1.9716420906183383
20.97	0.23785808183977625	4.375153167932153	2.2115858407138975
21.	-0.1492356368826396	4.311707267849401	2.4416235175309215
21.03	-0.5381504304085178	4.20677664877205	2.659933048979815
21.06	-0.9250786806066358	4.060472133694527	2.864726954531529
21.09	-1.3061736057606652	3.873317776480737	3.054267894865266
21.12	-1.6775903118021438	3.646256669862012	3.22688466713608
21.15	-2.0355268199022816	3.3806514228496813	3.380988561024119
21.18	-2.3762620873199687	3.078281352053472	3.5150899724066784
21.21	-2.6961929080624256	2.741337857237744	3.6278151480077234
21.24	-2.9918738134321603	2.3724159703428103	3.717922906085385
21.27	-3.260060523178938	1.9744984250434219	3.7843211459711528
21.3	-3.497752698555349	1.5509319152989542	3.8260829244296457
21.33	-3.702232258474933	1.1053995516932575	3.8424618412054112
21.36	-3.871098468179207	0.6418924264876087	3.8329064420212284
21.39	-4.002303071442449	0.16467746152729276	3.797073317273896
21.42	-4.094185035770452	-0.32174360702147436	3.7348385515092257
21.45	-4.145500848279828	-0.8126843781828594	3.646307165237632
21.48	-4.1554480559982325	-1.303327698941337	3.5318201893906913
21.51	-4.123683747218952	-1.788779029835735	3.391959025945515
21.54	-4.050339755170276	-2.264120814442708	3.2275467775911864
21.57	-3.9360326833910477	-2.724472069416937	3.0396462756182263
21.6	-3.7818650511996625	-3.165053740452818	2.829554598365062
21.63	-3.5894166419907436	-3.5812553346221137	2.5987939513801304
21.66	-3.3607287870067557	-3.968697863441817	2.349098872682819
21.69	-3.0982840869872788	-4.323292011228266	2.0823998288036076
21.72	-2.8049804307147537	-4.6412935760224245	1.80080337541402
21.75	-2.4840959736502364	-4.919357185290136	1.506569165366853
21.78	-2.1392440385036298	-5.1545859002837275	1.2020841915139748
21.81	-1.7743212244651705	-5.344572822880057	0.8898347463280465
21.84	-1.3934534232110283	-5.487432734947287	0.5723766600371083
21.87	-1.0009414099279015	-5.581824628092182	0.25230443925844687
21.9	-0.6012038582515273	-5.6269665771123005	-0.06778003440792651
21.93	-0.19871557702589576	-5.622642670535201	-0.38529857384153327
21.96	0.20205732827943568	-5.569200317083272	-0.6977268650618939
21.99	0.5967202150507823	-5.467537176485193	-1.0026231342294856
22.02	0.9810064025451017	-5.319079146723553	-1.2976547428126213
22.05	1.3508276215780501	-5.125751665363533	-1.5806222306576916
22.08	1.7023215760014125	-4.889945242111526	-1.849480421431023
22.11	2.0318980867900094	-4.614474650013438	-2.1023563093608137
22.14	2.33628108262637	-4.302531826631164	-2.337563555045886
22.17	2.612542013499674	-3.9576347793826705	-2.5536135260118744
22.2	2.8581232464542636	-3.5835758021455635	-2.7492229198072695
22.23	3.070854374819036	-3.1843704578096963	-2.923318099537119
22.26	3.2489651939408386	-2.7642060472337304	-3.075036350510124
22.29	3.3910956174486677	-2.3273881845302777	-3.203724329819918
22.32	3.4962994643011003	-1.8782871679777842	-3.308934026920198
22.35	3.5640401101927393	-1.4212883188201126	-3.3904165823309005
22.38	3.5941801469280983	-0.9607486232781656	-3.4481143241690244
22.41	3.5869690155078113	-0.5009573713406726	-3.48215137964694
22.44	3.543029683802587	-0.046096792749279525	-3.4928232030127977
22.47	3.463341968252834	0.3997974011991012	-3.4805853350226403
22.5	3.349221083786396	0.8328710275903614	-3.4460416745515485
22.53	3.2022938706375763	1.249478637493145	-3.38993250304559
22.56	3.0244757926640338	1.646205404237635	-3.3131224597781865
22.59	2.817948037692278	2.0198888082250135	-3.2165886226903537
22.62	2.5851316891783576	2.3676411893515317	-3.1014088080638977
22.65	2.328658702771625	2.686869369806052	-2.9687501641545446
22.68	2.051343091162644	2.975288292694575	-2.819858100567955
22.71	1.7561547208294197	3.2309302189533953	-2.6560455675780874
22.74	1.4461938187456285	3.452153053681469	-2.478682678348074
22.77	1.1246626456968731	3.637648804276399	-2.2891866523377735
22.8	0.7948339201762479	3.786450021194655	-2.0890120499370943
22.83	0.4600192853610074	3.897932199487101	-1.8796412661137123
22.86	0.12354078040484351	3.971812624069395	-1.6625752539055658
22.89	-0.21129546095076565	4.008147472103433	-1.4393244560067577
22.92	-0.5412265697756602	4.007327730609763	-1.2113999334164378
22.95	-0.8630630559505432	3.9700726626474925	-0.9803046929716653
22.98	-1.1737197220288613	3.897419582475466	-0.7475252293591998
23.01	-1.4702439299392271	3.790710374692591	-0.5145233107191683
23.04	-1.749839943717003	3.6515762269071494	-0.28272804912514893
23.07	-2.0098912309615424	3.481921105794561	-0.05352830711197573
23.1	-2.247983182444053	3.2839028586412415	0.17173450172646776
23.13	-2.4619262465081797	3.05991068463119	0.39177315673630453
23.16	-2.649776916167222	2.8125394508824986	0.6053608579618616
23.19	-2.8098542069709396	2.5445629026678427	0.8113368811091791
23.22	-2.940751826869347	2.258907248930336	1.0086116109862577
23.25	-3.0413481689377515	1.9586244322072177	1.196170915562858
23.28	-3.110815481302376	1.6468632008887323	1.3730798360461487
23.31	-3.1486272293886746	1.3268374945637726	1.5384855831951254
23.34	-3.1545616322237704	1.0017941895609628	1.6916198456149696
23.37	-3.12870079169846	0.6749829298496404	1.8318004310824385
23.4	-3.0714268872827764	0.34962855616928995	1.958432276195687
23.43	-2.9834170440355954	0.02890395267548375	2.071007872048822
23.46	-2.8656366512223594	-0.28409880146257105	2.1691071635687558
23.49	-2.719329625862492	-0.5863981192807481	2.2523969871482645
23.52	-2.546005191083299	-0.875150197045928	2.3206301149752275
23.55	-2.347422738253862	-1.1476719837510205	2.3736439748913307
23.58	-2.125576323851278	-1.401461545311321	2.4113591117918682
23.61	-1.882678043187552	-1.6342189591951433	2.4337774507490177
23.64	-1.6211381895255565	-1.843868100599837	2.440980413592776
23.67	-1.3435420894807466	-2.028576318084556	2.4331269301281617
23.7	-1.052626270165461	-2.18676963349505	2.4104513731006185
23.73	-0.7512558782436091	-2.317144776592513	2.3732614331015554
23.76	-0.44240161703343933	-2.4186807886911383	2.321935936516697
23.79	-0.12911312120645793	-2.490650273491621	2.256922597043734
23.82	0.18551117461156616	-2.532627825324575	2.1787356798944115
23.85	0.49835432365406407	-2.5444943213456193	2.0879535481468916
23.88	0.8063090209596314	-2.5264384434826157	1.985216053337428
23.91	1.106305091028975	-2.478956921364954	1.8712217276909842
23.94	1.3953391604661003	-2.402852671984351	1.7467247336702885
23.97	1.6705068552326463	-2.2992288302932082	1.6125315279209864
24.	1.9290349082943228	-2.169478258822637	1.4694972012021406
24.03	2.1683106650733013	-2.015270189125325	1.318521463351861
24.06	2.3859090387610764	-1.8385353863173062	1.1605442524297302
24.09	2.5796186649661283	-1.6414490454737813	0.9965409594351178
24.12	2.747468018635381	-1.42640942051827	0.8275172738245216
24.15	2.887750101416657	-1.1960115843694195	0.654503669748985
24.18	2.999043602051182	-0.9530181129999173	0.4785495677322384
24.21	3.08022976819314	-0.70032905006747	0.30071722062908873
24.24	3.1305057915312555	-0.4409516078036775	0.12207538536028875
24.27	3.149395491814299	-0.177967980878436	-0.05630714757370824
24.3	3.1367567909179295	0.08550010317001157	-0.23336808704720932
24.33	3.092784709740417	0.34632910506807496	-0.4080581524094119
24.36	3.0180093890573216	0.6014308647086491	-0.5793474772835283
24.39	2.9132899323791004	0.8477872736433929	-0.7462318229964292
24.42	2.77980505327251	1.082482946503977	-0.907738524302878
24.45	2.6190404144498443	1.3027377396063642	-1.062932098823827
24.48	2.4327717184281052	1.5059396178856495	-1.2109194628834794
24.51	2.2230433393746356	1.6896759528106298	-1.3508547095709837
24.54	1.9921438494335333	1.8517607108705947	-1.4819434191252496
24.57	1.7425802033496454	1.9902569374481938	-1.6034464863821596
24.6	1.4770508717696165	2.1034961890392725	-1.7146834642404833
24.63	1.1984165697807074	2.190096484931078	-1.8150354351870925
24.66	0.9096676598289425	2.2489781436878293	-1.9039474342246436
24.69	0.6138896292974045	2.2793754029921116	-1.9809304555600857
24.72	0.3142294177346847	2.28084294081854	-2.045563081763334
24.75	0.013863709815345106	2.25325873816366	-2.097492777581341
24.78	-0.2840326474815279	2.196824985767369	-2.1364368911388545
24.81	-0.576320331042639	2.1120665684875854	-2.1621834029731857
24.84	-0.8599305139643757	1.9998252805110903	-2.1745914584829786
24.87	-1.131897758716386	1.8612495774348954	-2.1735917122871693
24.9	-1.389389062966152	1.6977819590856416	-2.1591865041657052
24.93	-1.6297309713328558	1.5111453046363368	-2.1314498762384524
24.96	-1.8504373052512315	1.303326584927402	-2.090527430439763
24.99	-2.049236929119567	1.0765558467935723	-2.036636014794189
25.02	-2.224098672040091	0.8332812604799762	-1.9700632171215158
25.05	-2.373252047251081	0.5761431649623792	-1.8911666361994344
25.08	-2.4952051380202525	0.3079483114474845	-1.8003728936282566
25.11	-2.5887611404737574	0.03164233972396121	-1.6981763451392655
25.14	-2.6530328905564504	-0.24972175829748708	-1.5851374482151501
25.17	-2.687453531026353	-0.5330185450411069	-1.4618807438756292
25.2	-2.691782705098261	-0.8150854585055649	-1.329092414401576
25.23	-2.666109327093152	-1.092756579080817	-1.1875173855485903
25.26	-2.610851800651944	-1.3628956881310796	-1.037955951200969
25.29	-2.5267549419616335	-1.6224306359644598	-0.8812599100409936
25.32	-2.4148821268580334	-1.8683893245889844	-0.7183282171264487
25.35	-2.2766024100432016	-2.097935190775199	-0.5501021676223825
25.38	-2.113574073115948	-2.308399724314543	-0.37756014459100806
25.41	-1.927726104818727	-2.4973114676510324	-0.2017119769193083
25.44	-1.7212374151121537	-2.662422764943219	-0.0235929663886449
25.47	-1.4965122597508411	-2.8017352531964783	0.15574234616924082
25.5	-1.2561511785981554	-2.913523281093677	0.33522659734335775
25.53	-1.0029189490603	-2.9963533665558555	0.5137861167115154
25.56	-0.7397121072551507	-3.049098687790653	0.690347456121323
25.59	-0.4695271862838681	-3.070949297385854	0.8638438489700889
25.62	-0.1954285090874532	-3.061419252323079	1.0332215208585784
25.65	0.07948612877757809	-3.0203507476414813	1.1974457812276147
25.68	0.35212152923506845	-2.9479142221328103	1.3555068364920442
25.71	0.6194202815502992	-2.8446038215991805	1.5064252781607343
25.74	0.8783946411095814	-2.71122907619819	1.649257213748731
25.77	1.126155289254012	-2.5489042392294663	1.7830990231767287
25.8	1.3599392356074156	-2.359035584247359	1.907091738014026
25.83	1.5771381605184533	-2.1433055734145228	2.020425054598249
25.86	1.7753256075993291	-1.9036532591970625	2.122341004066569
25.89	1.9522802144078606	-1.6422523064544743	2.212137312077251
25.92	2.1060042986591863	-1.3614889393744465	2.289170488039797
25.95	2.2347400062670406	-1.0639402445625314	2.3528586877027644
25.98	2.3369851064234908	-0.7523507002335381	2.4026843938310645
26.01	2.4115075509278516	-0.4296052138693454	2.43819695745027
26.04	2.457356295798593	-0.09870033020408434	2.4590150369114765
26.07	2.473867976982174	0.23728290547434322	2.464828964139028
26.1	2.460671676928226	0.5752036440180801	2.4554030572906584
26.13	2.417693151736573	0.9118865137132092	2.4305778872134307
26.16	2.3451569082758263	1.2441500816605187	2.3902724921260785
26.19	2.2435841537360464	1.5688369881673683	2.3344865215606343
26.22	2.1137874714813236	1.8828421712242303	2.2633022774438833
26.25	1.956864711343953	2.183138137450977	2.1768866079799167
26.28	1.7741924942176324	2.466799621462578	2.0754925993692086
26.31	1.5674169220401035	2.7310298407475697	1.959461001959766
26.34	1.338439530201898	2.9731875918172235	1.8292213216821316
26.37	1.0893996548229112	3.1908126673583914	1.6852925049454244
26.4	0.8226561164066768	3.3816483674935505	1.52828314580704
26.43	0.5407692675757569	3.5436621173616016	1.3588911482283013
26.46	0.2464813647711493	3.6750655382399184	1.1779027834747045
26.49	-0.05730730584906396	3.7743336704377133	0.9861910928997035
26.52	-0.36756644002135014	3.8402217463376647	0.7847135989660858
26.55	-0.6811650001295332	3.871778549229986	0.5745093017670936
26.58	-0.9948992237177059	3.868356964732688	0.3566949537037351
26.61	-1.3055197494527204	3.8296227360511206	0.13246062050839477
26.64	-1.6097604018483493	3.755561194647237	-0.09693544845370676
26.67	-1.9043700855832442	3.6464805582195923	-0.33017260457986225
26.7	-2.186146188305846	3.5030109530308757	-0.5658741924628178
26.73	-2.4519663518497294	3.326100095938756	-0.8026144961603221
26.76	-2.6988171512761605	3.117007364660715	-1.0389261811137611
26.79	-2.9238211581904965	2.8772966433363756	-1.2733081733015077
26.82	-3.124264718844842	2.6088263548020656	-1.504233920710521
26.85	-3.2976266635015734	2.3137350132820456	-1.7301599891076864
26.88	-3.441605640631916	1.994422896923476	-1.9495349538265523
26.91	-3.554143831641968	1.6535325393217333	-2.160808561038943
26.94	-3.633447339142633	1.2939299669468967	-2.3624411447588574
26.97	-3.678005457971358	0.9186854807645549	-2.552913298484781
27.	-3.6866100049238577	0.531050895018947	-2.7307358117007716
27.03	-3.6583732837527037	0.13443209070729017	-2.894459890195836
27.06	-3.5927425510481923	-0.2676404196869745	-3.042687684137776
27.09	-3.489511048732314	-0.6715392117449015	-3.174083147997289
27.12	-3.348827732939299	-1.0735658364743916	-3.2873832508843353
27.15	-3.171206583354229	-1.4699788382575094	-3.3814095440062752
27.18	-2.957533298694347	-1.8570270414273096	-3.4550800734622205
27.21	-2.709066920347859	-2.2309861401695033	-3.5074216014697477
27.24	-2.4274374262642637	-2.5881939054736245	-3.537582067788291
27.27	-2.1146425023628974	-2.9250828193191376	-3.5448431863763523
27.3	-1.773043612631136	-3.238213820226547	-3.528633031438996
27.33	-1.4053571347761	-3.524314236098101	-3.4885384236499655
27.36	-1.0146373218086626	-3.780318016901312	-3.4243168835213984
27.39	-0.6042532522622895	-4.003404213254761	-3.3359078770319357
27.42	-0.17786420657786484	-4.19103273117747	-3.2234430413599626
27.45	0.26060613388172166	-4.340979594106818	-3.0872550486902575
27.48	0.7070010738768405	-4.451372762403911	-2.9278847463586435
27.51	1.1569715054641645	-4.520726191997285	-2.746086204690169
27.54	1.6060241018155075	-4.547969105428814	-2.5428293120248617
27.57	2.0495722525703304	-4.5324700110344205	-2.3192995813130586
27.6	2.4829871594733866	-4.474056978495322	-2.076894875239107
27.63	2.901650996582362	-4.37303433078329	-1.817218817131996
27.66	3.301015227888669	-4.230193142258671	-1.5420707319210278
27.69	3.676663832363172	-4.046812553773046	-1.2534320529872942
27.72	4.024377298347979	-3.8246516892295737	-0.9534492337349236
27.75	4.34019304959076	-3.5659346369862117	-0.6444133128910295
27.78	4.620461217348322	-3.273330323608152	-0.32873639496220985
27.81	4.861897377182654	-2.9499259644418254	-0.00892541646516158
27.84	5.061633069845443	-2.599191100918444	0.31244633113214865
27.87	5.217261913217043	-2.2249314549820967	0.6327693648023889
27.9	5.3268775950070175	-1.8312358101008972	0.9494292357968305
27.93	5.38910173571158	-1.4224204781366414	1.2598381500775486
27.96	5.403102453216225	-1.0029730799235044	1.5614662970268853
27.99	5.368605257924445	-0.5774936206158242	1.851872208295733
28.02	5.2858961801070645	-0.15063066909858966	2.12873150296835
28.05	5.155815415484424	0.27298565825663773	2.389863433721536
28.08	4.979740640835937	0.6888085811879626	2.6332547279379206
28.11	4.759561602736263	1.0924330319983695	2.8570803133349325
28.14	4.497648581145545	1.479647875410815	3.059720624327629
28.17	4.1968156493320725	1.8464855140663652	3.239775297409423
28.2	3.860277687231178	2.1892703563721922	3.3960731756850278
28.23	3.4916009203645824	2.504662785189261	3.5276786490719463
28.26	3.094649782201125	2.789693717556134	3.6338944530578923
28.29	2.6735340757346604	3.0417888679755536	3.7142611316579033
28.32	2.232557471578676	3.2587866896572035	3.768553436849774
28.35	1.7761647075900189	3.4389535951368813	3.796773985908937
28.38	1.308885735627345	3.580995124577854	3.799144529479229
28.41	0.8352800176934972	3.684059162326067	3.776095197658391
28.44	0.35988638218571306	3.7477307309234114	3.728252090464567
28.47	-0.11282056309092763	3.772022245944612	3.656423565034977
28.5	-0.578471975523382	3.7573620880338843	3.5615855474782685
28.53	-1.0328477799528915	3.704579932346614	3.4448661653505743
28.56	-1.471918542151761	3.61488639236163	3.3075299601594645
28.59	-1.8918809455278112	3.4898482139292413	3.1509619008556893
28.62	-2.289185688499349	3.3313625583935376	2.976651381384431
28.65	-2.660561665778602	3.141631402773931	2.7861763500506047
28.68	-3.00304001941563	2.92313359433045	2.581187687256519
28.71	-3.313977210956632	2.6785926051141047	2.363393922115135
28.74	-3.5910735697250877	2.4109417151437453	2.134546358072751
28.77	-3.832385609881808	2.1232901930262	1.896424663021376
28.8	-4.036333862461044	1.818891653803069	1.6508229700980486
28.83	-4.201708845248044	1.5011122080647277	1.3995365307121714
28.86	-4.327675595999727	1.1733956650086965	1.144348960362287
28.89	-4.413774981393314	0.839226291355633	0.8870201193252056
28.92	-4.459920290631826	0.5020925810168366	0.6292746731378847
28.95	-4.466389653033175	0.16545473260060417	0.3727913807227393
28.98	-4.433815930232538	-0.1672849906287631	0.11919315998022632
29.01	-4.363174759485508	-0.49281205994176813	-0.12996201924394593
29.04	-4.255769874999352	-0.8079311142066822	-0.3731893673427603
29.07	-4.1132147844505536	-1.1095970089554625	-0.6090845901790539
29.1	-3.937411359500798	-1.3949420231103382	-0.8363302536331758
29.13	-3.7305269545724493	-1.6612979578848868	-1.0537011749587009
29.16	-3.494970881556658	-1.9062151642585339	-1.2600688320512077
29.19	-3.2333694079795188	-2.127481250261228	-1.454404797113585
29.22	-2.9485381175393686	-2.3231396662550865	-1.6357832175413767
29.25	-2.643452118779806	-2.4915055852512613	-1.8033823832803906
29.28	-2.3212162870667745	-2.631176710427164	-1.95648543553615
29.31	-1.9850372005461754	-2.7410395462089405	-2.0944802856794054
29.34	-1.6381959909961215	-2.8202738198381794	-2.216858824769477
29.37	-1.2840198519160222	-2.8683566507240887	-2.323215512687052
29.4	-0.9258515057341378	-2.8850652025819934	-2.4132454410347868
29.43	-0.5670189346506149	-2.870475561265277	-2.4867419654835565
29.46	-0.21080833795084405	-2.8249576935883014	-2.5435940011098093
29.49	0.1395596922025725	-2.74916868885535	-2.583783068635824
29.52	0.4809539610050978	-2.6440458039333428	-2.6073801706988764
29.55	0.810358750719651	-2.5107980674631802	-2.614542565812526
29.58	1.1249003714732528	-2.3508944486364793	-2.6055104941432967
29.61	1.4218703773154513	-2.1660491426978763	-2.5806038942855327
29.64	1.698744664360752	-1.9582065040839736	-2.540219134599518
29.67	1.9532015995242198	-1.7295262364459374	-2.484825767123113
29.7	2.1831417471536274	-1.482366320910584	-2.4149632972971236
29.73	2.386707746482691	-1.2192617066718894	-2.331237949437695
29.76	2.5623011654266286	-0.9429004283023739	-2.2343193966527135
29.79	2.7085956351199476	-0.6561002679397281	-2.1249374152471088
29.82	2.824548261124803	-0.3617862551216273	-2.0038784179935623
29.85	2.9094106540614812	-0.0629661526611972	-1.8719818182260601
29.88	2.9627384117210767	0.23729819246675846	-1.7301361776663327
29.91	2.984397122509778	0.535922240517797	-1.5792750951791652
29.94	2.97456462001118	0.829829663848009	-1.4203728010774916
29.97	2.933730726423715	1.1159813907757734	-1.2544394318091627
30.	2.8626950883298385	1.3914044160843364	-1.0825159723496314